0.123616
0.082411
0.000000
0.020603
0.020603
0.000000
0.020603
0.082411
0.000000
0.000000
0.061808
0.000000
0.000000
0.267835
0.020603
0.000000
0.123616
0.000000
0.082411
0.000000
0.309040
0.000000
0.000000
0.000000
0.000000
0.000000
0.000000
0.000000
0.391451
0.000000
0.000000
0.000000
0.000000
0.000000
0.020603
0.000000
0.000000
0.206027
0.535670
0.000000
0.000000
0.082411
0.000000
0.000000
0.000000
0.041205
0.000000
0.000000
0.185424
0.000000
0.000000
0.391451
0.000000
0.123616
0.000000
0.824108
0.000000
0.329643
0.000000
0.000000
0.020603
0.000000
0.000000
0.000000
0.000000
0.000000
0.000000
0.103013
0.803505
0.000000
0.041205
0.000000
0.061808
0.041205
0.000000
0.370848
0.020603
0.020603
0.000000
0.000000
0.000000
0.000000
0.020603
0.000000
0.000000
0.103013
0.000000
0.082411
0.000000
0.000000
0.000000
0.000000
0.000000
0.000000
0.515067
0.000000
0.041205
0.000000
0.000000
0.412054
0.000000
0.000000
0.000000
0.412054
0.103013
0.000000
0.000000
0.144219
0.000000
0.000000
0.000000
2.101475
0.000000
0.000000
0.000000
0.000000
0.000000
0.000000
0.000000
0.020603
0.226630
0.206027
0.000000
0.000000
0.000000
0.000000
1.256764
0.000000
0.041205
0.000000
1.153751
0.247232
0.082411
0.041205
0.000000
0.144219
0.185424
0.000000
0.412054
0.000000
0.020603
0.020603
0.988929
0.020603
0.000000
0.000000
0.000000
0.000000
0.206027
0.782902
0.000000
0.000000
0.000000
0.000000
0.000000
0.164822
0.000000
0.000000
0.000000
0.020603
0.041205
0.000000
0.000000
1.359778
0.000000
0.000000
0.412054
0.103013
0.061808
0.844710
0.000000
0.000000
0.000000
0.206027
0.535670
0.020603
0.329643
0.000000
0.000000
0.762300
0.309040
0.103013
0.000000
0.494465
0.000000
0.061808
0.061808
0.000000
0.000000
0.000000
0.000000
0.020603
0.000000
0.000000
0.123616
0.164822
0.000000
0.000000
0.000000
0.638683
1.957256
0.000000
0.000000
0.000000
0.000000
0.000000
0.000000
0.041205
0.000000
0.061808
0.020603
0.103013
0.000000
0.473862
0.000000
0.000000
1.030135
0.000000
0.000000
0.432657
0.103013
0.000000
0.082411
0.000000
0.020603
0.061808
0.041205
0.041205
0.597478
0.000000
0.473862
0.000000
0.000000
0.000000
0.000000
0.659286
0.020603
0.000000
0.061808
0.000000
0.000000
0.000000
0.000000
0.000000
0.267835
0.020603
0.000000
0.144219
0.000000
0.020603
0.000000
0.226630
0.020603
0.000000
0.000000
0.000000
0.020603
0.082411
0.000000
0.968327
0.576875
0.000000
0.000000
0.412054
0.020603
0.000000
0.000000
0.000000
0.000000
0.000000
0.000000
0.659286
0.000000
0.000000
0.020603
0.226630
0.000000
0.000000
1.545202
0.000000
0.082411
0.000000
0.000000
0.000000
0.824108
0.000000
0.000000
0.041205
0.412054
0.000000
0.000000
0.000000
0.000000
0.000000
0.041205
0.000000
0.206027
0.000000
0.000000
0.061808
0.144219
0.000000
0.515067
0.000000
0.000000
0.000000
2.039666
0.000000
0.000000
0.000000
0.000000
0.000000
0.000000
0.041205
0.020603
1.071340
0.164822
1.318572
0.000000
0.061808
0.000000
0.000000
0.000000
0.000000
0.144219
0.020603
0.329643
0.082411
0.000000
0.206027
0.000000
0.061808
0.000000
0.000000
0.164822
0.000000
0.000000
0.432657
0.000000
0.000000
0.020603
0.000000
0.309040
0.000000
0.412054
1.174353
0.041205
0.000000
0.082411
1.133148
0.000000
0.061808
0.329643
0.000000
0.000000
0.000000
0.000000
0.020603
0.000000
0.000000
1.813037
0.000000
0.000000
0.000000
0.000000
0.247232
0.865313
1.339175
0.000000
0.000000
0.000000
0.453259
0.350246
0.000000
0.000000
0.185424
0.020603
0.000000
0.123616
0.000000
0.185424
0.144219
0.000000
0.000000
0.000000
0.000000
0.185424
0.061808
0.000000
0.000000
0.000000
0.000000
0.000000
0.000000
0.000000
0.000000
0.000000
0.000000
0.061808
0.000000
0.391451
0.164822
0.000000
1.421586
0.000000
0.000000
0.679889
0.000000
0.000000
0.020603
0.000000
0.020603
0.000000
0.556273
0.144219
0.000000
0.226630
0.000000
0.020603
0.000000
0.020603
1.194956
0.061808
0.000000
0.000000
0.000000
0.000000
0.350246
0.576875
0.000000
0.000000
0.597478
0.000000
0.000000
0.000000
0.000000
0.000000
0.000000
0.020603
0.000000
0.000000
0.000000
0.000000
0.000000
0.000000
0.000000
0.288438
0.803505
1.648215
0.000000
0.679889
0.000000
0.226630
0.000000
0.020603
0.000000
0.041205
0.041205
0.000000
0.267835
0.000000
0.020603
0.000000
0.000000
0.000000
0.000000
0.041205
0.000000
0.000000
0.000000
0.000000
0.700492
0.061808
0.000000
0.000000
0.844710
0.000000
0.061808
0.000000
0.762300
0.659286
0.000000
0.000000
0.000000
0.185424
0.473862
0.000000
0.000000
0.041205
0.000000
0.000000
0.556273
0.000000
0.000000
0.020603
0.020603
0.000000
0.000000
0.000000
0.000000
0.000000
0.000000
0.000000
0.000000
0.535670
0.000000
0.000000
0.000000
0.000000
0.515067
0.000000
0.103013
0.082411
0.000000
0.123616
0.000000
0.000000
0.288438
0.000000
0.041205
0.494465
0.000000
0.164822
0.000000
0.061808
0.000000
0.000000
0.000000
0.041205
0.000000
0.638683
0.000000
0.370848
0.061808
0.206027
0.000000
0.000000
0.000000
0.000000
0.000000
1.256764
0.000000
0.000000
0.000000
0.000000
0.000000
0.000000
0.412054
1.112545
0.000000
0.906518
0.000000
0.762300
0.000000
0.000000
0.000000
0.041205
0.000000
0.020603
0.144219
0.453259
0.000000
0.000000
0.123616
0.370848
0.000000
0.061808
0.000000
0.000000
0.041205
0.000000
0.000000
0.000000
0.000000
0.000000
0.000000
0.185424
0.515067
0.020603
0.000000
1.400983
0.000000
0.000000
0.000000
0.000000
0.000000
0.020603
0.020603
0.000000
0.000000
0.865313
0.000000
0.020603
0.267835
0.247232
0.000000
1.462791
0.000000
0.000000
0.000000
0.103013
2.410515
0.762300
0.000000
0.000000
0.000000
0.309040
0.000000
0.597478
0.000000
0.000000
0.247232
0.000000
0.082411
0.000000
0.000000
0.000000
0.000000
0.679889
1.339175
0.000000
0.000000
0.041205
0.123616
0.000000
0.000000
0.000000
0.288438
0.061808
0.103013
0.226630
0.000000
0.000000
0.144219
0.000000
0.535670
0.000000
0.988929
0.309040
0.000000
0.103013
0.000000
0.000000
0.000000
0.000000
0.000000
0.020603
0.000000
0.000000
0.309040
0.000000
0.309040
0.020603
0.721094
0.041205
0.000000
0.000000
0.329643
0.041205
0.000000
1.400983
0.000000
0.000000
0.000000
0.000000
0.000000
0.000000
0.000000
0.000000
0.000000
0.000000
0.082411
0.000000
0.061808
0.000000
0.000000
0.000000
0.082411
0.164822
0.041205
0.000000
0.000000
0.000000
0.000000
0.000000
0.061808
0.000000
0.164822
0.000000
0.185424
0.000000
0.515067
0.000000
0.123616
0.000000
0.082411
0.000000
0.020603
0.000000
0.741697
0.000000
0.000000
0.000000
0.000000
0.329643
0.000000
0.061808
0.000000
0.391451
0.000000
0.000000
0.000000
0.020603
0.000000
0.000000
0.020603
0.000000
0.432657
0.000000
0.000000
0.000000
0.000000
0.000000
0.020603
0.020603
0.000000
0.000000
0.329643
0.000000
0.000000
0.041205
0.000000
0.041205
0.144219
0.000000
0.041205
0.144219
0.000000
0.000000
0.020603
0.000000
0.556273
0.000000
0.061808
0.000000
0.432657
1.854242
0.061808
0.000000
0.020603
0.000000
0.020603
0.000000
0.000000
0.041205
0.000000
0.020603
0.000000
0.000000
0.020603
1.998461
0.000000
0.020603
0.020603
0.000000
0.267835
0.226630
0.000000
0.185424
0.000000
0.000000
0.061808
0.103013
0.535670
0.020603
0.000000
0.000000
0.020603
1.483394
0.000000
1.833640
0.000000
0.082411
0.020603
0.309040
0.000000
0.000000
0.000000
0.000000
0.000000
0.000000
0.000000
0.000000
0.000000
0.618081
0.000000
0.947724
0.618081
0.020603
0.020603
0.000000
0.370848
1.091943
0.515067
0.473862
0.000000
0.000000
0.000000
0.206027
0.000000
0.494465
0.247232
0.000000
0.000000
0.020603
0.000000
0.000000
0.000000
0.123616
0.000000
0.000000
0.000000
0.000000
1.277367
0.865313
0.020603
0.000000
0.123616
0.000000
0.000000
0.000000
0.000000
0.123616
0.000000
0.000000
0.000000
0.041205
0.000000
0.000000
0.000000
0.061808
0.000000
0.000000
0.000000
0.515067
0.020603
0.020603
0.020603
0.185424
0.329643
0.000000
0.103013
0.020603
0.000000
0.020603
0.000000
0.000000
0.000000
0.865313
0.144219
0.473862
0.000000
0.844710
0.000000
0.309040
0.000000
0.000000
0.000000
0.206027
0.000000
0.020603
0.000000
0.020603
0.000000
0.041205
0.432657
0.000000
0.000000
1.153751
0.000000
0.082411
0.061808
0.061808
0.185424
0.309040
0.185424
0.000000
0.000000
0.000000
0.309040
0.000000
0.020603
0.000000
0.144219
0.000000
0.000000
0.103013
0.041205
0.020603
0.000000
0.000000
0.473862
0.000000
0.350246
0.350246
0.000000
0.000000
0.000000
0.000000
0.000000
0.000000
0.000000
0.164822
0.000000
0.000000
0.123616
0.041205
0.000000
0.020603
0.000000
0.000000
0.000000
0.000000
1.030135
0.041205
0.000000
0.000000
0.679889
0.000000
0.000000
0.473862
0.144219
1.339175
0.000000
0.000000
0.226630
0.164822
0.082411
0.000000
1.112545
0.041205
1.277367
0.000000
0.000000
0.000000
0.000000
0.041205
0.061808
0.185424
0.206027
0.000000
0.865313
0.000000
0.226630
0.000000
0.000000
0.000000
0.061808
0.000000
0.453259
0.000000
0.000000
0.103013
0.000000
0.000000
0.000000
0.020603
0.000000
0.000000
0.041205
0.000000
0.000000
0.000000
0.061808
1.483394
0.000000
0.041205
0.041205
0.000000
0.000000
0.020603
1.442188
0.000000
0.000000
0.000000
0.000000
0.041205
0.000000
0.000000
0.329643
0.000000
0.123616
0.000000
0.000000
0.164822
0.103013
0.000000
0.515067
0.082411
0.000000
0.041205
0.123616
0.000000
0.164822
0.164822
0.000000
0.370848
0.000000
0.000000
0.000000
0.000000
0.000000
0.000000
0.000000
0.000000
0.082411
0.020603
0.000000
0.947724
0.267835
0.000000
0.000000
0.000000
0.000000
0.000000
0.041205
0.020603
0.000000
0.000000
0.000000
0.000000
0.000000
0.000000
0.000000
0.597478
0.288438
0.000000
0.782902
0.000000
0.061808
0.000000
0.000000
0.515067
0.000000
0.000000
0.000000
1.442188
0.000000
0.000000
0.679889
0.061808
0.000000
0.000000
0.000000
0.020603
0.000000
0.000000
0.000000
0.000000
0.000000
0.000000
0.000000
0.000000
0.000000
0.288438
0.020603
1.462791
0.000000
0.123616
0.309040
1.833640
0.164822
1.545202
0.020603
0.000000
0.041205
0.020603
0.020603
0.082411
0.061808
0.000000
0.082411
0.000000
1.215559
0.000000
0.000000
0.000000
0.370848
0.020603
0.000000
0.000000
0.000000
0.000000
0.000000
0.247232
0.000000
0.000000
0.000000
0.000000
0.494465
0.020603
0.000000
0.000000
0.000000
0.000000
0.000000
0.000000
0.000000
0.164822
0.288438
0.000000
0.000000
0.000000
0.000000
0.185424
0.000000
0.000000
0.000000
0.020603
0.000000
0.226630
0.350246
0.000000
0.000000
0.000000
0.000000
0.968327
0.000000
0.473862
0.206027
0.000000
1.215559
0.000000
0.020603
0.638683
0.329643
0.020603
0.000000
0.247232
0.000000
0.000000
0.020603
0.000000
0.000000
0.000000
0.000000
0.000000
0.000000
0.000000
0.000000
0.618081
0.741697
0.000000
0.000000
0.000000
0.000000
0.000000
0.185424
0.041205
0.000000
0.000000
0.000000
0.000000
1.071340
0.061808
0.000000
0.000000
0.000000
0.000000
0.000000
0.020603
0.020603
0.000000
0.000000
0.103013
0.103013
0.000000
0.473862
0.000000
0.000000
0.453259
0.000000
0.020603
0.020603
0.947724
0.020603
0.000000
0.000000
0.000000
0.041205
0.164822
0.000000
0.041205
0.000000
0.144219
0.350246
0.000000
1.256764
0.000000
0.000000
0.082411
0.000000
0.061808
0.000000
0.164822
0.000000
0.041205
0.000000
0.000000
0.000000
0.309040
0.185424
0.350246
0.226630
0.000000
0.000000
0.000000
0.000000
0.000000
0.000000
0.370848
0.000000
0.556273
0.000000
0.000000
0.000000
0.000000
0.000000
0.679889
0.000000
0.020603
0.082411
0.000000
0.000000
0.597478
0.556273
0.721094
0.370848
0.000000
0.000000
0.473862
0.000000
0.000000
0.144219
0.041205
0.000000
0.000000
0.020603
1.236161
0.000000
0.020603
0.123616
0.020603
0.000000
0.618081
0.020603
0.000000
0.000000
0.123616
0.309040
0.061808
0.803505
0.164822
0.000000
1.112545
0.000000
0.185424
0.247232
0.020603
0.000000
0.370848
0.000000
0.000000
0.000000
0.803505
0.000000
0.000000
0.020603
0.226630
0.000000
