5.854501
2.465053
4.930106
5.700435
5.392303
4.467909
-0.770329
4.159777
-0.308132
0.154066
-4.005712
-3.389448
0.308132
1.694724
7.087028
-3.543514
-3.851645
-4.776041
-6.316699
1.848790
2.310987
6.162632
-6.470764
-9.243949
-4.621974
-3.543514
-5.700435
-0.770329
6.162632
0.154066
-3.697580
-1.694724
-1.386592
-1.694724
4.313843
6.778896
-2.773185
-2.773185
3.389448
-2.310987
-3.389448
3.543514
0.154066
0.462197
-0.308132
3.851645
-1.694724
-0.462198
-7.087028
-0.924395
1.386592
0.462197
0.616263
0.770329
0.924395
1.386592
0.616263
2.927250
3.697580
4.776040
5.084172
3.389448
2.927250
1.078461
3.697580
3.081316
6.470764
5.700435
3.389448
3.389448
1.078461
1.694724
2.619119
5.700435
6.470764
4.621974
2.156921
0.924395
4.467909
4.776040
3.235382
3.081316
2.310987
3.851645
0.462197
4.005711
8.935818
6.778896
4.159777
1.848790
2.773185
-0.616263
2.927250
2.619119
2.927250
2.002856
1.694724
2.927251
4.776040
-0.770329
1.848790
0.616263
1.078461
1.848790
1.078461
-1.694724
-4.930106
-1.232527
-6.316699
-6.316699
-2.927251
-3.081316
2.619119
-3.235382
-2.927251
-3.697580
-5.546370
-2.156921
-0.000000
1.540658
-3.543514
-1.078461
2.773185
2.002856
1.386592
1.078461
3.081316
0.308132
6.778896
7.395159
6.316699
2.002856
2.002856
0.308132
-3.851645
5.392303
-3.543514
3.389448
-0.770329
-0.770329
1.848790
-4.930106
-2.773185
-1.540658
-3.389448
-3.389448
-0.616263
-0.308132
-1.232527
-0.616263
-0.308132
-0.154066
-0.308132
-0.308132
1.232527
0.154066
0.462197
2.310987
2.310987
0.308132
-0.308132
0.924395
-0.770329
-1.386592
-2.619119
-0.308132
0.308132
2.002856
-0.000000
-3.543514
-3.851645
-2.619119
-1.386592
0.924395
0.770329
0.308132
-1.232527
-5.084172
-4.313843
-4.930106
-1.848790
0.924395
0.462197
0.154066
-0.462198
-2.156921
-4.313843
-2.156921
0.616263
0.770329
2.156921
0.770329
-0.154066
-2.002856
0.462197
0.308132
1.078461
-0.770329
-0.154066
-0.154066
-0.154066
-0.154066
0.308132
-0.154066
-0.924395
-3.697580
-2.773185
-4.005712
-3.389448
-0.000000
-1.078461
0.154066
-1.694724
0.770329
-0.924395
-2.156921
-1.540658
-0.616263
2.002856
-4.313843
0.770329
-2.310987
-1.386592
-0.462198
-0.924395
-0.770329
2.002856
2.465053
3.081316
-1.386592
-2.773185
-0.000000
-0.154066
3.697580
1.848790
0.770329
0.616263
-0.616263
1.540658
1.540658
-0.308132
-0.770329
-0.308132
0.770329
-0.154066
-1.694724
-0.616263
-0.462198
-0.462198
-0.462198
-0.770329
-0.154066
1.232527
2.465053
3.389448
2.310987
3.081316
2.310987
1.848790
1.848790
4.930106
7.241093
-2.465053
0.770329
2.465053
1.540658
1.694724
2.465053
6.932962
-2.156921
-2.465053
6.470764
2.310987
0.770329
1.694724
1.848790
0.308132
2.465053
1.694724
0.616263
-0.000000
-0.308132
-4.621974
-0.462198
0.154066
-0.924395
-0.616263
-1.540658
-1.232527
-3.543514
-0.000000
-1.848790
-2.927251
-1.848790
-4.776041
-2.310987
-3.389448
-2.619119
-2.773185
-3.851645
-3.851645
-2.773185
0.154066
-0.770329
0.616263
1.386592
-2.619119
-0.770329
-3.235382
3.235382
-0.770329
0.770329
-0.000000
-1.540658
0.924395
-3.543514
0.924395
-5.546370
-6.778896
-6.778896
0.462197
2.002856
-2.773185
-2.310987
-3.851645
-8.319554
-7.241094
-4.467909
-2.156921
-2.927251
-1.232527
3.851645
-5.700435
-3.697580
-2.619119
-1.232527
-2.310987
-0.462198
-1.386592
-1.694724
-2.156921
-1.694724
-1.232527
-1.540658
-2.465053
-2.619119
-2.310987
-2.310987
-2.310987
-2.927251
-2.465053
-2.619119
-2.927251
0.770329
0.308132
-2.927251
-3.235382
-3.543514
-1.540658
-0.616263
0.924395
1.386592
-1.848790
-3.851645
-3.543514
-0.308132
4.621974
4.005711
4.159777
-1.386592
-5.238238
-3.697580
-2.773185
1.540658
2.002856
0.616263
-2.310987
-5.084172
-2.927251
-0.308132
1.232527
-0.462198
2.927250
-0.924395
-3.389448
-2.156921
-2.927251
-2.465053
-4.005712
-2.465053
-2.465053
-3.081316
2.156921
0.616263
0.308132
-1.386592
-0.924395
1.078461
3.543514
0.616263
-0.154066
-0.924395
0.770329
1.078461
-0.462198
3.081316
0.154066
1.078461
2.002856
1.232527
3.851645
0.924395
1.540658
0.308132
1.848790
1.386592
-0.770329
1.386592
6.624830
3.543514
1.848790
1.694724
1.386592
-0.770329
0.154066
3.851645
3.389448
2.156921
1.540658
-0.616263
4.313843
3.697580
2.002856
2.773185
2.002856
0.154066
2.310987
1.078461
2.310987
1.540658
2.310987
-6.624830
-2.310987
-2.310987
-2.310987
-2.465053
-2.465053
-4.930106
-3.851645
-3.697580
-3.081316
-3.389448
-3.389448
-3.851645
-4.313843
-4.005712
-4.159777
-0.924395
-1.694724
-2.156921
-2.156921
-5.546370
-3.851645
-4.621974
-1.386592
0.462197
2.619119
1.232527
-3.697580
-4.005712
-4.621974
-2.619119
0.616263
1.078461
-1.386592
-3.697580
-3.543514
-6.624830
-2.927251
0.770329
-1.386592
-4.313843
-4.005712
-3.851645
-4.159777
-4.930106
-3.543514
-4.313843
-4.467909
-3.851645
3.081316
-2.310987
-0.462198
-0.308132
-0.924395
-0.616263
0.462197
-3.851645
-4.467909
-4.467909
-1.848790
-1.848790
-4.930106
-4.621974
-3.697580
-4.621974
-2.310987
-1.540658
-1.232527
-4.930106
-5.854501
-2.619119
-5.084172
-9.243949
-8.011422
-5.546370
-8.935818
-5.700435
-1.694724
-4.621974
-2.927251
-4.005712
-0.154066
-7.395159
-4.776041
-0.924395
-4.776041
-1.848790
-3.235382
6.470764
-1.078461
-3.081316
0.616263
-4.930106
-4.930106
-4.621974
-4.621974
-4.467909
-1.848790
2.156921
0.154066
0.616263
0.308132
0.308132
0.616263
-1.540658
-0.154066
-1.386592
-1.232527
-1.232527
-2.156921
-1.540658
-2.310987
1.848790
-2.002856
-0.000000
0.308132
-1.386592
1.232527
-0.770329
2.773185
0.924395
-0.000000
0.770329
3.543514
2.002856
2.310987
1.540658
3.851645
2.619119
4.776040
2.310987
4.159777
1.848790
-0.308132
-0.770329
0.462197
6.932962
-0.000000
-1.694724
-1.078461
0.154066
-2.773185
-0.924395
-0.154066
-1.078461
-2.310987
-2.465053
-2.156921
-1.540658
-0.924395
-0.616263
-0.616263
-1.232527
-1.694724
0.616263
0.462197
1.078461
2.773185
2.310987
1.386592
1.386592
0.924395
1.386592
-0.770329
2.773185
2.773185
0.308132
1.848790
-0.000000
-0.308132
-3.081316
-3.081316
1.848790
3.081316
1.694724
0.154066
-0.770329
1.232527
2.156921
1.540658
-1.540658
-0.154066
0.462197
0.462197
6.624830
-0.770329
1.078461
0.308132
1.078461
2.773185
1.386592
-0.616263
-2.002856
-1.694724
1.078461
3.697580
-1.078461
-0.308132
-2.773185
-2.156921
-1.848790
-1.386592
-0.770329
2.310987
0.616263
-2.002856
-2.619119
-3.081316
-0.462198
1.848790
-0.000000
0.308132
-3.543514
-3.081316
-4.621974
-3.543514
-2.465053
0.616263
1.078461
-8.165488
-5.392303
-5.392303
-0.000000
0.924395
-1.078461
-0.462198
-5.084172
-7.395159
-3.543514
0.462197
1.386592
2.465053
2.310987
-1.386592
-3.543514
1.078461
6.316699
2.310987
-0.616263
-1.540658
-0.000000
0.154066
0.154066
1.540658
-1.386592
5.238238
2.465053
4.621974
3.543514
3.081316
3.851645
0.924395
3.235382
-1.232527
0.462197
-1.078461
-1.694724
0.462197
0.308132
3.851645
-3.235382
2.310987
-0.000000
-1.540658
2.619119
1.540658
2.310987
-2.927251
0.924395
-2.619119
-1.078461
0.616263
-2.465053
3.851645
-1.386592
0.616263
1.694724
0.616263
2.156921
0.616263
2.619119
-3.851645
-7.241094
4.467909
-6.008567
-2.310987
1.078461
2.310987
-2.156921
-1.848790
4.159777
-0.924395
-1.540658
-1.848790
2.773185
0.154066
1.848790
-0.154066
-0.154066
1.540658
0.308132
0.308132
-2.156921
-0.462198
-1.232527
-0.462198
-0.308132
-1.540658
0.924395
-0.154066
-1.232527
2.002856
0.154066
-0.462198
-2.619119
-0.308132
-1.694724
-1.848790
0.924395
1.540658
-4.005712
-1.386592
-0.154066
-5.084172
0.462197
0.154066
2.310987
-3.697580
-2.156921
2.156921
-1.848790
-0.000000
-3.851645
0.616263
-0.924395
2.002856
2.927250
-4.005712
-6.470764
-4.776041
-4.467909
-2.619119
2.156921
-3.389448
-3.543514
-2.465053
-2.156921
-1.848790
-2.619119
-4.776041
-4.930106
-2.619119
-1.694724
-0.154066
-0.462198
-1.848790
-4.467909
-2.465053
-2.927251
-1.386592
1.694724
-0.154066
-0.462198
-2.773185
-2.310987
-3.081316
-2.465053
-1.232527
-2.156921
-4.159777
-2.927251
-4.005712
-1.540658
0.616263
-1.848790
-0.154066
0.308132
-1.386592
-4.621974
-0.308132
0.924395
0.462197
-0.462198
-0.154066
-3.081316
-6.470764
-2.927251
-1.232527
-1.232527
-2.465053
-2.773185
-7.087028
-0.770329
0.308132
0.616263
0.616263
0.616263
0.924395
2.310987
-0.616263
0.462197
0.770329
2.465053
3.543514
2.773185
3.235382
0.308132
-0.616263
-0.308132
2.310987
2.927250
-0.154066
-1.386592
-1.078461
-0.924395
-2.619119
-2.619119
-3.389448
-1.848790
-2.773185
-1.078461
-2.927251
-6.470764
-12.633397
-7.241094
-0.462198
-2.927251
0.154066
-2.002856
-1.078461
-3.081316
-4.005712
-0.000000
-0.000000
-1.232527
-1.694724
-0.770329
-2.619119
-0.924395
-0.462198
-0.154066
3.235382
1.540658
1.694724
1.848790
1.848790
2.002856
1.848790
1.232527
0.308132
0.154066
-0.000000
-0.308132
-0.154066
-0.616263
0.770329
-1.078461
-3.697580
-1.694724
-2.465053
-0.770329
-0.000000
0.770329
-2.002856
-5.546370
-3.081316
-4.159777
-7.087028
-2.310987
1.078461
-0.308132
-1.232527
-1.694724
-2.619119
-5.238238
0.462197
1.232527
0.770329
-2.002856
-4.005712
-2.156921
-1.078461
0.924395
1.386592
-1.386592
-2.156921
-0.924395
-2.310987
-1.540658
0.000000
1.078461
2.465053
5.392303
5.700435
4.621974
4.313843
4.776040
2.927250
2.310987
2.619119
-0.770329
-0.154066
1.078461
2.927250
5.238238
-0.000000
-0.154066
-2.773185
0.154066
0.770329
4.930106
5.084172
1.694724
-0.770329
4.159777
-0.462198
-7.087028
0.770329
5.238238
6.624830
-0.000000
4.159777
-2.773185
-3.543514
4.005711
4.467909
0.308132
-9.089883
-2.465053
-5.392303
-2.310987
5.084172
6.008567
4.159777
0.154066
4.621974
0.154066
-0.000000
5.700435
1.694724
1.232527
1.540658
1.232527
1.232527
2.002856
1.694724
0.308132
0.924395
0.154066
-1.386592
-1.232527
0.462197
0.462197
-0.308132
1.540658
-0.616263
-2.927251
-0.308132
-1.232527
-0.154066
-0.000000
2.310987
0.924395
-0.462198
-0.308132
1.232527
-0.000000
0.924395
-0.462198
-3.543514
-2.773185
-1.694724
0.770329
-0.154066
1.540658
-0.462198
-2.002856
-2.002856
-0.308132
0.308132
0.154066
1.078461
0.308132
-0.308132
-1.078461
-0.616263
-0.000000
-0.154066
0.154066
0.770329
0.924395
0.924395
0.924395
0.770329
-0.000000
1.386592
2.310987
1.386592
2.002856
2.310987
1.694724
2.619119
2.310987
2.773185
-0.924395
-0.462198
1.078461
1.078461
3.389448
2.465053
-0.308132
-5.392303
-0.308132
-2.465053
-2.773185
4.005711
3.235382
2.773185
-0.308132
-0.308132
1.078461
0.770329
3.543514
3.081316
3.697580
-1.232527
1.694724
-0.924395
0.616263
4.776040
2.002856
4.930106
2.156921
3.235382
2.002856
2.465053
2.927251
4.467909
0.462197
-0.154066
-0.616263
-0.770329
0.308132
5.238238
-0.770329
-1.540658
-1.694724
3.081316
2.310987
-0.924395
2.465053
-0.462198
-0.000000
-1.078461
0.308132
-2.619119
-1.694724
1.078461
-1.232527
-0.770329
-2.927251
-3.697580
-3.235382
-0.154066
0.154066
-0.308132
0.308132
1.078461
2.773185
0.616263
2.927250
0.462197
0.462197
-2.310987
0.462197
0.462197
-4.313843
-3.235382
0.616263
3.081316
-0.770329
-0.000000
-2.773185
-0.154066
-0.770329
3.543514
9.398015
1.694724
2.465053
2.002856
1.540658
2.465053
7.087028
2.773185
-0.770329
1.232527
-1.694724
-2.156921
-0.000000
0.924395
3.235382
-3.235382
2.156921
1.848790
-0.616263
0.308132
-0.308132
2.619119
-1.848790
5.392303
0.770329
2.619119
4.776040
0.308132
2.156921
2.465053
4.776040
5.238238
4.776040
2.002856
1.078461
2.927250
-0.616263
1.848790
3.543514
1.078461
-0.308132
1.694724
5.700435
-2.310987
-0.616263
1.078461
-1.386592
-2.619119
1.078461
-1.078461
-0.462198
-1.540658
-2.156921
-2.156921
-1.694724
-3.081316
-1.078461
-2.310987
-2.156921
-0.616263
-0.770329
-1.078461
-1.540658
-2.310987
-3.081316
-1.078461
-2.773185
-1.078461
-2.002856
-2.773185
-2.156921
-2.927251
-4.467909
-5.546370
-3.081316
-3.081316
-1.232527
-3.235382
-2.002856
-2.927251
0.462197
-0.000000
1.078461
-0.924395
-1.232527
1.694724
0.924395
3.235382
2.927250
2.927250
-0.462198
-2.927251
-0.462198
-0.154066
1.386592
2.156921
1.386592
-1.848790
-11.400870
-0.154066
-1.540658
0.924395
0.154066
-2.156921
-9.243949
-1.078461
2.002856
0.770329
-2.156921
-1.386592
1.694724
-0.770329
-4.776041
-1.232527
-2.465053
-0.616263
-3.697580
-0.308132
-2.927251
-4.776041
-3.081316
-0.308132
0.462197
-3.081316
-1.694724
-4.313843
-5.084172
-3.389448
-2.465053
-0.924395
-1.078461
-0.616263
-4.621974
-2.619119
-0.000000
-0.000000
-2.773185
0.924395
-0.770329
-2.773185
-4.313843
1.232527
-0.308132
-0.924395
0.616263
1.078461
-0.616263
-1.848790
-0.462198
-0.154066
-0.308132
-0.462198
-0.000000
-0.308132
-1.848790
-1.540658
0.154066
-1.386592
-1.078461
0.154066
-0.770329
-1.694724
0.308132
5.700435
1.848790
0.924395
3.543514
-3.235382
-1.540658
4.313843
8.319554
-2.310987
0.154066
9.860212
-0.308132
-2.310987
4.005711
3.543514
-2.773185
0.616263
9.243949
0.154066
-2.927251
0.462197
4.159777
7.549225
4.621974
4.776040
-1.694724
-0.924395
-1.078461
1.386592
1.694724
5.392303
1.694724
-0.616263
2.310987
-0.000000
0.154066
-0.308132
-0.154066
0.154066
1.078461
2.002856
-1.078461
-2.002856
-1.386592
-1.694724
-1.386592
-1.386592
1.848790
0.770329
0.154066
-3.389448
-3.235382
-0.924395
-2.156921
1.386592
2.156921
3.543514
-0.308132
-0.770329
2.156921
-0.616263
1.694724
-1.078461
-1.386592
0.462197
1.540658
1.848790
-1.078461
2.310987
1.078461
3.851645
0.154066
3.389448
3.389448
-2.002856
2.002856
-1.078461
1.540658
-0.770329
2.310987
1.694724
0.000000
3.235382
-0.616263
-1.078461
-1.386592
-1.386592
-1.078461
-0.462198
-0.000000
-1.694724
-3.081316
-5.238238
-4.159777
-2.619119
-2.465053
1.386592
-2.310987
-7.857357
-5.084172
-4.930106
-3.235382
-0.924395
0.462197
-3.081316
-7.549225
-5.084172
-6.470764
-4.930106
-2.156921
0.616263
-4.159777
-3.081316
-4.930106
-5.238238
-6.316699
-2.002856
1.386592
-1.386592
1.694724
-4.467909
-1.232527
-2.619119
-1.078461
0.616263
-2.619119
-3.543514
-5.084172
-4.930106
-2.773185
-2.465053
6.316699
0.770329
0.924395
-0.000000
0.154066
1.848790
3.389448
-1.540658
-2.619119
-2.619119
0.924395
0.308132
-3.543514
-0.462198
-1.694724
-1.078461
-0.616263
3.543514
3.389448
-2.927251
-1.232527
-1.694724
-3.081316
-4.930106
3.235382
2.465053
-8.011422
-3.235382
-1.078461
-0.770329
-4.005712
-0.000000
-3.697580
-4.159777
-2.773185
-1.386592
-0.000000
-3.697580
0.616263
-4.467909
-4.776041
-0.924395
2.927250
1.386592
0.462197
1.386592
0.462197
-0.154066
1.386592
0.924395
-0.308132
-0.000000
0.770329
0.770329
0.154066
-0.000000
-0.154066
-0.308132
-1.078461
-3.389448
-3.235382
-1.078461
-1.232527
0.616263
-1.694724
-5.084172
-7.703291
-9.089883
-2.619119
1.232527
1.078461
-3.081316
-5.546370
-2.156921
-7.087028
-5.700435
1.386592
0.616263
-1.386592
-3.851645
-4.005712
-8.165488
-3.389448
2.310987
0.308132
-0.000000
-2.619119
-1.232527
-4.467909
-2.002856
0.770329
0.462197
1.848790
2.465053
1.232527
1.078461
1.078461
-0.462197
0.154066
-0.616263
-0.462198
-2.156921
-2.156921
-0.616263
-0.462198
-0.154066
-2.773185
-1.694724
2.465053
2.773185
-1.078461
-0.924395
-1.078461
0.154066
-0.616263
3.543514
3.543514
-1.232527
-0.308132
-0.770329
3.851645
8.781752
8.011422
7.703291
10.322410
3.081316
-0.462198
2.465053
9.706146
9.860212
7.087028
6.008567
0.308132
-1.232527
1.694724
3.081316
6.624830
5.700435
1.848790
-1.232527
-0.000000
-0.924395
-0.154066
-0.000000
-0.924395
-2.310987
0.000000
-0.000000
0.770329
0.924395
-0.770329
-0.616263
0.616263
0.924395
0.308132
-0.154066
-2.156921
-4.159777
-3.697580
-1.386592
0.154066
-1.540658
0.462197
-0.770329
-8.473620
-7.087028
-3.543514
-2.927251
-1.694724
1.694724
4.313843
-2.927251
-2.002856
2.310987
-1.386592
-0.924395
-4.159777
-4.313843
-3.851645
-3.851645
-4.159777
-2.465053
-1.386592
-4.005712
-5.084172
-5.392303
-3.235382
-4.313843
-1.694724
-0.462198
-1.386592
-3.081316
-6.162633
-2.619119
-2.310987
-2.002856
-1.540658
-1.540658
-1.540658
-1.694724
-1.386592
-1.078461
-0.924395
-0.616263
-3.235382
-2.619119
-3.697580
-3.389448
-2.465053
-0.770329
-0.000000
-3.851645
-2.310987
1.386592
-0.154066
-2.310987
-0.924395
0.308132
-2.927251
-3.697580
0.462197
0.924395
-4.159777
-1.848790
-0.616263
-3.389448
-3.081316
1.540658
-0.770329
-2.927251
-2.156921
-0.770329
-4.313843
-4.467909
3.235382
-1.232527
-5.854501
-2.002856
1.540658
-1.078461
-2.002856
-0.770329
-0.616263
-0.924395
0.770329
7.087028
2.619119
5.700435
4.159777
4.776040
5.546370
4.467909
1.540658
-4.313843
-0.770329
-4.005712
-3.235382
-0.154066
-0.616263
3.697580
-5.700435
-0.616263
-5.392303
-0.000000
-0.308132
-4.005712
1.694724
-6.316699
-4.930106
-1.232527
2.002856
2.465053
-3.389448
2.465053
-3.851645
-0.616263
1.386592
0.154066
-0.154066
-3.235382
4.467909
-3.697580
-4.159777
-1.540658
0.308132
0.770329
-0.308132
4.930106
-4.930106
-3.543514
-1.232527
-1.232527
-1.078461
-1.232527
-3.697580
-4.621974
-2.619119
-2.002856
-2.156921
-3.235382
-4.930106
-2.927251
-4.159777
-2.310987
-4.621974
-5.392303
-2.927251
-4.776041
-2.002856
-4.776041
-2.619119
-1.540658
-3.697580
-2.002856
-3.235382
-2.002856
-4.313843
-1.386592
4.159777
1.540658
-6.778896
-6.316699
-1.848790
-1.078461
0.462197
2.927250
1.232527
-3.235382
-2.465053
-2.619119
-4.005712
-2.773185
0.770329
-4.776041
-5.854501
-2.156921
-3.081316
-2.156921
-1.694724
1.386592
-2.619119
-3.235382
-3.851645
-2.465053
-1.540658
-1.540658
-1.694724
-1.540658
-2.156921
-2.465053
-0.924395
1.540658
1.232527
-3.543514
-3.543514
-1.540658
-2.465053
1.078461
3.697580
1.540658
-4.313843
-4.621974
-0.462198
2.465053
-0.616263
-0.154066
-0.000000
-4.930106
-7.395159
-3.543514
-1.848790
-1.694724
-0.308132
-3.851645
-6.316699
-6.624830
-6.778896
-2.156921
-0.308132
3.081316
0.924395
-1.540658
-4.776041
-2.156921
-1.848790
0.924395
3.081316
2.310987
2.465053
-3.235382
-2.619119
1.078461
0.770329
0.616263
0.924395
1.232527
1.078461
0.462197
-0.154066
0.462197
1.078461
1.078461
3.081316
2.619119
0.462197
0.770329
0.308132
1.078461
-1.386592
3.081316
1.232527
-0.770329
0.924395
0.308132
0.308132
1.540658
4.776040
5.700435
2.002856
0.616263
0.770329
-0.154066
4.313843
6.470764
4.930106
-0.000000
0.924395
1.694724
-0.308132
4.313843
3.389448
2.619119
-1.540658
1.232527
0.308132
0.154066
2.002856
1.078461
0.616263
0.462197
-0.308132
-4.159777
-0.000000
-1.848790
-0.462198
-0.924395
-2.773185
-4.930106
-1.078461
-0.154066
-1.078461
-3.389448
-2.773185
-2.773185
-1.848790
-2.927251
-0.924395
-5.854501
-10.014278
-12.325266
-6.778896
-0.462198
-3.081316
-4.005712
-3.851645
-1.386592
-5.084172
-7.857357
-2.310987
-3.389448
-3.389448
-3.235382
-1.386592
-3.851645
-8.165488
-2.002856
-2.310987
-2.927251
-0.924395
-4.930106
-4.313843
-5.700435
-1.694724
-4.005712
-1.386592
-0.000000
-1.386592
-0.616263
-1.232527
-2.619119
2.156921
1.386592
1.540658
1.386592
1.540658
2.002856
1.078461
0.770329
-1.232527
-2.619119
-1.848790
-1.694724
-1.694724
-0.462198
1.848790
-4.159777
-4.930106
-15.252516
-8.627686
-1.694724
-0.770329
1.848790
-6.316699
-13.865924
-12.479331
-12.325266
-11.246805
-4.467909
1.540658
-2.156921
-8.473620
-13.865924
-10.784607
-7.087028
-0.770329
2.465053
-1.540658
-7.087028
-10.476476
-3.543514
-1.540658
0.616263
1.694724
-2.156921
-2.927251
-3.235382
-2.927251
-2.156921
0.770329
-4.776041
-1.078461
1.078461
2.773185
2.773185
0.462197
-3.389448
0.616263
-3.389448
-0.462198
-3.851645
-2.465053
-0.770329
-3.389448
3.697580
-1.386592
0.154066
-0.462198
-0.770329
-1.540658
-0.308132
3.543514
-0.616263
-4.005712
-0.308132
-2.619119
-0.924395
-0.154066
1.540658
-3.235382
-5.854501
-6.162633
-7.549225
-3.851645
-0.308132
1.694724
-3.389448
-0.308132
-0.000000
-2.619119
-2.156921
0.308132
-0.308132
-1.848790
-0.308132
0.924395
0.462197
-0.616263
-3.543514
5.700435
-0.154066
-1.232527
-2.927251
-2.619119
-0.770329
3.851645
-3.389448
-6.470764
-5.854501
-8.319554
-8.319554
-5.700435
-2.773185
-2.310987
-6.470764
-3.543514
-1.848790
-3.543514
-3.697580
-2.773185
-1.540658
-5.392303
-2.156921
3.851645
-0.462198
-7.549225
-3.543514
-0.770329
-0.000000
-0.000000
3.081316
-2.465053
-2.156921
-1.078461
-1.540658
-1.540658
-6.624830
6.316699
-2.156921
-2.156921
-0.000000
-2.773185
-5.546370
-4.159777
-1.848790
-3.851645
-5.084172
-4.776041
2.310987
2.310987
1.848790
1.386592
1.848790
2.465053
2.465053
-0.000000
0.616263
0.154066
-0.924395
0.462197
1.386592
1.386592
1.078461
-0.924395
-2.156921
-1.848790
-1.694724
1.540658
3.235382
0.770329
-3.697580
-9.706146
-3.851645
-4.159777
-5.700435
0.154066
2.002856
0.462197
-1.848790
-3.851645
-0.462198
-0.154066
2.619119
1.232527
1.694724
1.078461
-2.773185
1.540658
3.081316
3.697580
1.694724
1.694724
0.462197
3.543514
0.770329
0.770329
2.002856
-2.002856
-2.619119
-1.694724
-1.694724
-1.848790
-1.848790
-3.081316
-2.465053
-2.310987
-1.386592
-3.235382
-3.543514
-1.848790
-3.389448
-2.156921
-5.700435
-0.154066
-2.310987
-2.156921
-0.924395
-3.235382
-1.232527
-4.776041
-0.154066
-2.002856
-2.465053
-0.924395
-3.081316
-1.386592
-1.386592
-2.310987
-1.078461
-2.773185
-0.616263
-1.848790
-1.386592
-1.386592
-5.392303
-0.770329
-2.002856
-1.694724
-1.540658
-1.232527
-1.078461
-1.848790
-1.078461
-1.694724
-1.848790
-2.310987
11.554936
4.005711
6.008567
2.927250
3.235382
5.700435
5.392303
2.927250
-0.154066
2.773185
4.005711
3.697580
3.543514
1.232527
4.159777
-1.386592
3.235382
2.773185
5.392303
3.851645
0.616263
2.927250
-1.386592
0.154066
-6.316699
-4.621974
-2.619119
-2.310987
3.851645
3.543514
4.621974
-3.081316
2.002856
2.773185
0.924395
6.008567
3.081316
4.930106
1.078461
6.932962
6.008567
2.927250
4.930106
-0.000000
-0.154066
1.540658
-0.000000
0.308132
-1.386592
-7.241094
0.462197
-3.543514
-0.770329
-0.616263
-2.465053
-6.316699
1.848790
8.165488
8.935818
5.700435
6.470764
6.778896
1.694724
0.154066
8.319554
5.700435
-0.924395
-0.616263
5.392303
1.232527
1.540658
6.470764
1.232527
-5.854501
-5.238238
3.389448
0.924395
-0.616263
7.549225
4.005711
-2.927251
1.848790
5.700435
1.386592
-0.308132
7.857357
5.854501
2.773185
2.465053
3.235382
-0.462198
-6.316699
6.008567
4.467909
0.924395
2.465053
3.081316
-8.319554
1.848790
2.310987
1.540658
1.232527
0.616263
0.616263
3.543514
4.159777
0.308132
0.462197
-2.156921
-2.927251
-0.462198
2.619119
2.927250
-2.927251
3.081316
-0.924395
-0.462198
-1.848790
-1.232527
1.386592
-2.002856
0.924395
4.005711
3.389448
0.770329
-0.616263
0.616263
-2.310987
-3.697580
-1.386592
-4.005712
-3.697580
-2.619119
1.694724
-1.232527
1.078461
-0.462198
-5.084172
-3.235382
-1.078461
2.465053
-1.540658
-2.927251
-3.235382
-1.848790
-1.540658
1.386592
-1.386592
-0.770329
-0.462198
-0.308132
-0.000000
-0.462198
-1.078461
-2.619119
-0.308132
-1.540658
-5.084172
-4.313843
-1.540658
-2.465053
-1.694724
-0.616263
-4.467909
-5.546370
-4.159777
-2.465053
-2.310987
-1.848790
1.078461
-0.154066
-1.694724
0.770329
2.156921
1.386592
-2.465053
-2.773185
-0.770329
2.156921
2.773185
-1.540658
-1.540658
-2.156921
-0.154066
-0.308132
-0.308132
3.543514
0.462197
-2.156921
-0.462198
-0.154066
-0.924395
-4.159777
-1.694724
-0.924395
-3.235382
-0.308132
1.078461
-0.000000
-0.000000
-0.154066
0.154066
-1.078461
0.154066
2.002856
0.616263
-2.773185
-2.619119
0.924395
1.848790
-0.000000
1.386592
-1.694724
-6.316699
-5.238238
-0.924395
1.078461
-0.000000
-0.154066
-3.235382
-2.773185
-2.310987
-7.087028
-1.386592
-0.462198
0.154066
-6.162633
-4.776041
-4.930106
-4.621974
0.154066
-0.000000
1.232527
-6.316699
-5.700435
-3.081316
-1.078461
1.078461
-0.616263
2.619119
-0.770329
0.308132
0.770329
1.848790
1.540658
-9.243949
-2.156921
-6.778896
-4.621974
-5.854501
-7.241094
-3.851645
-4.467909
-1.694724
-2.773185
4.313843
2.465053
-4.930106
-1.540658
-8.011422
1.078461
1.232527
8.165488
7.241093
-6.470764
-2.773185
-4.159777
6.778896
8.165488
5.392303
3.081316
3.697580
2.310987
-5.700435
0.154066
-0.462198
2.927250
1.078461
-2.619119
0.616263
-6.162633
-1.078461
2.619119
-2.619119
0.308132
-4.621974
-1.232527
-6.470764
0.924395
0.462197
1.540658
-2.002856
-4.621974
3.389448
2.619119
-0.462198
0.308132
1.386592
1.848790
1.078461
-2.310987
-0.770329
-5.084172
-3.389448
-3.697580
-1.694724
0.154066
-0.462198
-0.770329
-4.467909
-3.697580
-0.924395
1.540658
-0.000000
-0.000000
-0.462198
-4.621974
-4.776041
-1.078461
0.462197
5.546370
0.924395
0.154066
-6.316699
-10.168344
-6.470764
-5.700435
-0.308132
-0.616263
0.154066
-6.316699
-10.784607
-4.930106
-6.624830
-1.078461
0.924395
1.694724
-2.002856
-3.389448
-0.000000
-0.616263
0.924395
0.924395
-1.540658
2.465053
1.232527
0.616263
0.616263
0.616263
2.465053
1.386592
1.540658
-0.000000
-0.000000
-0.462198
-1.540658
4.005711
0.924395
-0.000000
-2.927251
-0.308132
-0.924395
-6.624830
-2.002856
-0.000000
2.773185
-1.694724
-10.476476
-9.243949
-0.924395
-0.000000
1.078461
-2.927251
0.616263
-3.389448
-3.389448
0.308132
-0.000000
0.924395
-1.232527
7.087028
0.462197
3.081316
0.616263
0.308132
0.462197
-2.310987
0.154066
-3.697580
-1.386592
-3.081316
0.308132
5.238238
-1.078461
0.308132
-0.154066
-0.154066
0.616263
-0.154066
-1.232527
-1.232527
-0.616263
6.778896
6.008567
-0.924395
-1.540658
-2.773185
3.389448
0.616263
9.706146
10.476476
-2.310987
-1.386592
-4.621974
2.927250
6.316699
2.156921
4.159777
3.389448
1.848790
-4.776041
-8.165488
-3.081316
-4.467909
-0.924395
-6.778896
-3.697580
-3.543514
-5.700435
5.546370
0.924395
3.851645
-3.081316
-5.700435
0.924395
-4.159777
-1.694724
-3.543514
-1.386592
-0.924395
-2.465053
7.703291
1.848790
1.540658
1.078461
1.078461
1.848790
4.930106
1.848790
-0.924395
-0.462198
-2.002856
-1.848790
0.154066
1.232527
1.078461
0.462197
2.310987
6.162632
3.697580
2.619119
-0.770329
0.308132
3.543514
3.543514
-1.232527
-3.851645
3.235382
0.616263
1.078461
2.927250
1.078461
-4.005712
-7.241094
2.002856
0.154066
2.773185
0.616263
2.002856
2.310987
-2.002856
0.308132
0.770329
5.084172
0.154066
2.927250
1.540658
1.694724
0.462197
2.310987
6.932962
2.465053
2.465053
2.002856
2.156921
2.927250
1.848790
0.308132
-1.540658
-2.310987
-2.002856
-2.465053
-2.773185
-1.540658
1.078461
-2.002856
2.156921
0.154066
-0.308132
-2.773185
-4.005712
0.924395
-0.462198
0.770329
-1.540658
-7.241094
-3.697580
-3.389448
0.770329
2.310987
1.540658
-1.386592
-3.389448
4.159777
-2.002856
1.078461
-0.770329
-0.924395
0.924395
-0.000000
-0.308132
-2.927251
2.002856
-4.313843
-4.930106
-2.002856
-3.235382
-4.467909
-3.697580
-0.154066
-1.540658
-1.386592
-0.770329
-1.232527
-2.156921
-1.848790
-2.156921
-2.619119
-1.694724
0.770329
0.154066
-3.697580
-3.081316
-2.156921
1.386592
-4.621974
-1.540658
-1.848790
-5.392303
-2.156921
-0.616263
5.854501
4.467909
1.078461
-0.308132
-1.386592
1.078461
0.154066
2.619119
3.543514
1.540658
-1.232527
-1.078461
-0.308132
-0.308132
2.465053
2.156921
3.697580
-3.081316
-2.465053
-0.000000
-2.002856
3.389448
4.159777
5.700435
3.235382
1.232527
-2.156921
8.319554
1.078461
1.386592
-0.000000
0.308132
2.465053
3.543514
-0.154066
-2.156921
0.616263
-1.694724
-0.000000
1.848790
0.308132
-1.232527
-4.313843
-1.848790
-3.851645
-4.621974
1.540658
0.308132
-1.848790
-8.011422
-12.325266
-1.694724
0.462197
-9.706146
-4.313843
-0.462198
-2.773185
-6.162633
-5.392303
-6.162633
-4.467909
-1.078461
0.462197
-5.238238
-15.098450
-8.319554
-8.011422
-7.395159
-0.462198
2.773185
0.308132
-2.619119
-0.000000
-1.694724
-1.848790
0.462197
-2.773185
-0.308132
-1.078461
-0.924395
-0.770329
-0.462198
-0.924395
-2.465053
-2.156921
-1.848790
-2.002856
-0.616263
-1.232527
-1.540658
-2.002856
-3.235382
1.540658
-1.848790
1.694724
-0.616263
-2.927251
-2.310987
-1.232527
6.932962
5.084172
6.316699
-0.000000
-3.389448
-1.078461
-1.078461
4.621974
5.238238
2.310987
0.924395
-2.002856
-1.078461
-0.616263
-1.540658
-0.462198
1.386592
0.308132
-1.848790
-2.156921
-2.156921
-1.540658
-2.465053
-0.770329
-1.694724
-2.465053
-9.706146
1.232527
-2.156921
-1.694724
-1.540658
-1.848790
-1.694724
0.154066
4.467909
1.848790
2.465053
2.310987
2.156921
2.619119
-3.389448
0.462197
-1.078461
-0.924395
-0.924395
-0.924395
-0.000000
-2.465053
-2.002856
-7.087028
-6.162633
-3.543514
-0.924395
-0.770329
-3.851645
-1.078461
-2.465053
-0.924395
-1.386592
-2.310987
-2.002856
-3.697580
-0.616263
-1.386592
4.930106
4.313843
-1.540658
-2.619119
-4.313843
0.770329
0.616263
-0.308132
2.002856
-1.694724
2.619119
5.084172
-0.308132
1.232527
2.773185
3.389448
3.081316
3.851645
-1.078461
-2.465053
-2.927251
-0.462198
0.924395
1.078461
0.308132
-0.616263
-5.392303
-2.465053
-2.002856
-0.000000
2.773185
2.773185
-1.232527
-5.854501
-3.389448
0.308132
4.930106
0.770329
-0.770329
-0.308132
-2.310987
-4.313843
-5.392303
-2.619119
3.543514
-0.154066
-0.462198
-4.776041
-7.241094
-2.002856
-2.619119
1.540658
0.308132
0.308132
-0.000000
1.386592
-0.154066
1.694724
3.851645
-0.154066
-2.927251
-0.308132
-0.000000
1.232527
0.924395
-0.308132
-1.540658
-1.694724
1.232527
1.078461
1.386592
-0.924395
-2.156921
-2.927251
1.232527
1.386592
1.540658
0.616263
-1.232527
-0.462198
-3.081316
0.770329
0.154066
-4.776041
-5.392303
-5.084172
-0.924395
-2.465053
-2.002856
2.927250
3.235382
-3.697580
-6.008567
1.232527
-2.465053
-1.078461
3.389448
2.773185
4.005711
-2.002856
-0.616263
-3.081316
-1.694724
2.310987
2.619119
0.924395
-0.616263
-0.000000
-4.313843
-5.546370
-1.848790
-2.619119
-2.465053
-2.619119
-2.927251
-3.081316
-1.540658
1.540658
1.386592
6.162632
5.700435
0.770329
-0.308132
-1.848790
3.543514
0.462197
5.238238
4.159777
0.616263
0.770329
-2.310987
2.465053
-4.159777
-5.546370
-5.700435
-1.232527
2.002856
-3.081316
-1.540658
-5.700435
-8.011422
-8.473620
-4.930106
-0.154066
-1.694724
3.543514
-0.462198
-5.084172
-6.470764
-2.465053
-0.154066
-2.156921
2.156921
1.540658
-0.462198
-1.386592
-0.616263
-0.462197
5.084172
1.694724
1.694724
1.232527
1.078461
1.694724
1.540658
0.770329
-0.000000
-0.308132
0.154066
-0.000000
-0.924395
0.308132
-0.924395
2.310987
-3.543514
2.156921
-1.232527
-3.697580
-0.154066
0.308132
4.621974
1.848790
2.156921
1.232527
1.694724
2.310987
1.078461
0.308132
-0.154066
4.467909
0.308132
-0.616263
-0.308132
2.002856
4.621974
7.857357
2.310987
5.084172
2.002856
-0.616263
1.540658
2.310987
0.308132
-2.156921
0.462197
1.694724
-0.462197
-1.694724
-0.308132
0.154066
0.462197
0.616263
-0.000000
-0.616263
-0.462198
0.770329
0.924395
-1.540658
-2.619119
0.308132
0.308132
0.154066
-1.540658
-1.848790
-5.546370
-3.543514
-1.232527
1.386592
0.770329
-0.770329
1.386592
7.549225
5.546370
-4.159777
-1.232527
1.386592
0.616263
2.927250
11.400870
5.238238
-2.156921
1.540658
1.078461
-1.694724
-2.465053
1.386592
-0.770329
-2.310987
2.002856
0.770329
-0.000000
0.462197
0.924395
1.078461
1.540658
1.386592
-1.540658
0.616263
-0.770329
-0.616263
-0.308132
0.616263
1.232527
-0.000000
-0.000000
-0.770329
-0.770329
-1.386592
0.308132
1.540658
-1.232527
-4.005712
-1.078461
0.924395
1.232527
0.154066
-3.081316
-2.156921
-2.927251
-3.235382
-0.770329
1.078461
-2.002856
-3.235382
-2.002856
0.462197
6.162632
7.241093
4.930106
0.616263
-1.848790
-0.308132
0.770329
6.932962
5.392303
7.703291
2.310987
0.616263
-2.310987
-0.616263
-0.770329
0.154066
-0.462198
-0.154066
-0.616263
1.848790
0.308132
2.310987
2.927250
3.235382
1.694724
1.078461
-0.154066
-1.540658
0.770329
-3.697580
-3.389448
1.386592
0.616263
0.462197
-3.697580
-2.002856
-0.000000
-0.924395
2.002856
1.694724
0.308132
-4.776041
2.619119
7.549225
8.319554
-2.773185
-3.235382
1.540658
-2.310987
2.465053
9.243949
7.857357
-1.232527
-0.770329
1.078461
-3.543514
-1.694724
-1.540658
-3.389448
-3.697580
1.078461
4.467909
3.081316
0.924395
0.308132
-0.616263
2.465053
6.162633
-6.316699
-0.154066
-1.694724
-1.540658
-1.078461
-0.616263
-5.238238
1.694724
2.310987
1.540658
0.924395
2.773185
2.619119
-0.462198
-0.770329
3.389448
-0.000000
-4.313843
-2.310987
0.154066
-1.540658
-0.770329
5.854501
3.389448
-2.465053
-4.621974
2.619119
-0.308132
-1.540658
3.081316
-2.156921
-1.078461
-3.697580
2.310987
-0.770329
-1.694724
-0.154066
-4.930106
-8.165488
-7.241094
-0.462198
-3.081316
-4.776041
-0.924395
-1.078461
-2.773185
-0.616263
0.462197
-4.467909
1.386592
-0.000000
-0.154066
-1.540658
-1.386592
-0.462198
0.616263
-0.770329
-1.232527
-0.308132
2.619119
1.848790
-1.386592
-0.154066
-2.927251
0.924395
0.616263
6.316699
5.084172
-2.619119
-2.310987
-3.851645
4.159777
1.694724
0.770329
2.156921
2.773185
1.078461
-2.619119
-2.465053
3.389448
1.078461
2.927250
3.389448
-1.694724
-1.540658
-0.770329
1.386592
1.848790
-0.770329
-0.616263
-1.540658
-1.078461
-0.154066
0.770329
1.848790
1.694724
-0.308132
1.232527
-0.308132
-1.386592
-1.386592
-2.002856
-1.540658
-1.232527
-0.616263
-2.002856
-1.540658
-1.694724
-0.770329
-1.386592
-0.770329
-1.540658
-2.156921
2.465053
-0.308132
6.778896
1.848790
-2.002856
-0.462198
-1.386592
5.238238
3.389448
-0.616263
-1.694724
5.546370
1.694724
-0.770329
-0.462198
4.159777
0.924395
2.927250
2.002856
-0.154066
-1.694724
-0.616263
7.703291
1.540658
4.313843
1.540658
0.308132
-0.924395
-0.308132
0.770329
-1.694724
0.924395
0.462197
1.694724
8.319554
4.930106
4.159777
4.313843
4.313843
5.392303
6.008567
1.232527
0.770329
2.465053
7.087028
6.162632
0.462197
-0.770329
-3.081316
-1.694724
1.694724
13.249660
6.316699
1.694724
-2.465053
-5.546370
-6.624830
-4.621974
12.017134
1.540658
-8.627686
-8.935818
-3.389448
-6.624830
-1.694724
11.554936
3.235382
-5.084172
-6.624830
-1.078461
-4.467909
3.389448
10.168344
3.543514
-3.081316
-4.467909
6.624830
1.386592
7.703291
8.627686
8.473619
4.159777
3.389448
1.386592
-0.462198
-1.848790
-1.540658
-0.770329
-0.000000
1.078461
-1.232527
-5.084172
-8.781752
-3.235382
-2.002856
-3.697580
1.232527
-4.159777
-7.549225
-10.168344
-1.078461
-0.154066
-1.232527
1.386592
-5.854501
-5.238238
-3.851645
-8.011422
-0.770329
5.700435
1.540658
-4.159777
-7.087028
0.154066
-1.848790
6.624830
4.313843
-0.000000
-2.002856
-5.084172
4.621974
5.392303
12.017134
4.313843
0.462197
1.232527
-5.084172
-2.002856
-3.081316
-0.154066
-1.848790
1.540658
-0.924395
-1.848790
-2.156921
-2.156921
-2.002856
-1.540658
-1.540658
-1.694724
-2.773185
-2.002856
-4.467909
-3.697580
-2.156921
-2.002856
-0.770329
-2.773185
-1.078461
-4.313843
-3.543514
-0.462198
-0.770329
-0.308132
-4.467909
-3.697580
-2.773185
-3.081316
-5.854501
-2.002856
-0.616263
-0.616263
-0.770329
-1.540658
-1.078461
-0.308132
-0.462198
-0.616263
-2.619119
-5.392303
-4.159777
-5.700435
-2.156921
-1.540658
-2.002856
-3.235382
-4.467909
-2.927251
-4.005712
-3.697580
-2.465053
3.235382
1.694724
2.156921
1.386592
1.540658
1.540658
2.465053
-0.000000
3.851645
4.159777
3.235382
3.543514
3.081316
0.462197
0.308132
0.308132
-1.232527
2.773185
2.002856
1.232527
2.465053
-0.000000
-2.002856
-4.776041
2.310987
0.616263
-7.549225
-1.386592
-0.000000
0.770329
-0.308132
-0.770329
-2.927251
-3.697580
1.540658
-0.308132
-1.078461
-3.851645
0.616263
-2.619119
-4.776041
0.154066
0.770329
-1.386592
-0.308132
-0.462198
-1.848790
-1.540658
1.848790
2.002856
1.540658
0.924395
-0.000000
0.308132
1.386592
2.156921
2.773185
-0.770329
-0.308132
2.465053
1.386592
0.308132
1.540658
1.386592
-4.005712
-0.924395
9.089883
4.313843
-1.078461
0.924395
0.770329
-1.078461
4.005711
9.243949
5.392303
-2.156921
1.386592
2.619119
0.462197
4.467909
7.549225
4.621974
0.924395
2.310987
2.310987
-2.773185
1.694724
0.462197
-0.616263
-1.694724
1.386592
1.232527
-2.156921
-1.078461
-0.154066
-2.156921
-2.156921
0.924395
1.540658
0.924395
3.389448
3.543514
3.543514
3.389448
2.002856
1.540658
-0.308132
2.310987
-2.310987
-1.694724
0.308132
2.002856
2.002856
-0.154066
3.235382
-4.159777
-2.773185
2.773185
-2.773185
2.002856
-2.156921
-2.156921
-1.848790
1.694724
-3.081316
-5.700435
1.694724
-0.000000
-4.621974
-2.619119
-0.308132
-2.156921
-4.005712
1.848790
-1.848790
-6.162633
1.232527
-3.081316
-3.389448
0.308132
2.310987
-0.308132
-1.078461
0.154066
-0.462198
-0.770329
2.619119
1.078461
-0.000000
0.154066
0.462197
0.924395
0.308132
-0.154066
2.002856
1.078461
2.619119
0.462197
1.232527
2.927250
0.616263
0.770329
0.308132
0.616263
-7.549225
-4.467909
2.156921
1.386592
1.232527
-2.773185
-1.232527
-3.851645
-1.848790
1.540658
-1.078461
2.310987
0.308132
1.232527
-1.540658
1.078461
0.770329
-0.000000
1.232527
-2.310987
-7.087028
-6.778896
-2.773185
-2.002856
0.770329
1.232527
-1.386592
-2.773185
-3.851645
-3.851645
-2.002856
0.770329
5.084172
1.078461
1.078461
0.616263
0.770329
1.232527
0.308132
2.002856
-1.386592
-1.078461
0.770329
1.232527
-1.386592
-1.848790
1.078461
0.924395
-0.308132
-2.927251
-0.308132
-2.310987
-1.694724
1.078461
0.616263
3.389448
3.543514
4.930106
3.081316
-0.000000
1.694724
-2.156921
-0.154066
1.078461
4.621974
-2.927251
-1.540658
1.078461
-1.232527
0.308132
-2.927251
2.773185
0.154066
-2.002856
2.002856
-1.694724
-0.770329
-2.310987
0.770329
0.308132
-3.081316
2.156921
-0.616263
0.462197
-0.000000
-0.000000
0.924395
0.462197
-3.389448
-1.848790
-0.000000
-2.619119
-2.156921
-0.308132
-1.848790
-1.386592
-1.694724
0.462197
1.078461
0.924395
0.154066
1.386592
-0.924395
-1.694724
1.540658
-1.848790
-2.002856
-1.540658
-1.540658
0.616263
1.232527
0.616263
3.389448
4.005711
4.467909
2.927250
-0.462198
-2.156921
-5.700435
5.546370
-0.616263
-0.924395
1.078461
-0.308132
0.462197
3.543514
6.624830
4.159777
2.465053
1.540658
-10.630542
-2.927251
-5.238238
-4.313843
-4.621974
-6.008567
-6.778896
-3.235382
0.616263
0.308132
-0.616263
-1.078461
-1.386592
-1.694724
-3.543514
-0.770329
3.851645
1.540658
1.078461
-0.000000
-2.773185
-3.389448
2.310987
6.470764
1.848790
0.308132
-2.927251
-3.389448
-4.159777
4.467909
5.854501
5.700435
2.310987
-0.308132
-2.002856
-2.002856
4.467909
4.621974
3.851645
7.395159
1.386592
-3.235382
-4.313843
3.235382
3.081316
2.927250
4.313843
0.770329
-1.540658
1.540658
-0.154066
-0.308132
1.078461
0.770329
-0.154066
1.078461
0.616263
-0.462198
-0.308132
-3.697580
-2.927251
-0.462198
-0.616263
0.770329
-3.081316
-2.002856
0.154066
-1.078461
0.770329
1.232527
1.540658
-2.927251
-1.540658
2.619119
3.235382
-2.465053
-1.232527
1.078461
1.078461
-0.154066
-0.154066
2.927250
1.078461
0.616263
0.770329
-0.000000
-2.002856
3.081316
0.770329
-0.000000
-0.308132
1.232527
-0.000000
-0.770329
0.770329
-1.232527
-1.540658
2.002856
5.700435
1.232527
1.078461
1.078461
1.232527
1.232527
2.156921
1.232527
-1.078461
-0.770329
2.773185
4.005711
-0.770329
-0.154066
0.924395
1.694724
-0.462198
-2.465053
-3.235382
-1.694724
0.462197
1.078461
3.081316
2.156921
-7.549225
-4.621974
4.776040
2.156921
0.770329
1.232527
2.465053
-0.154066
-0.000000
6.008567
-0.000000
0.616263
0.154066
5.392303
4.621974
2.310987
0.462197
-2.156921
2.156921
-0.770329
1.232527
-1.078461
-0.616263
-1.386592
-0.616263
-0.924395
-0.770329
0.154066
0.154066
-0.154066
-0.462198
1.386592
-1.848790
-1.078461
-0.000000
2.156921
2.465053
-0.616263
0.308132
0.154066
2.773185
0.770329
3.081316
2.156921
-0.000000
-0.462198
0.462197
3.697580
6.470764
1.386592
0.308132
0.308132
0.616263
-0.154066
-1.540658
1.232527
3.081316
2.465053
1.848790
0.770329
0.308132
-0.924395
-3.851645
-1.694724
-0.924395
-0.000000
1.848790
2.773185
2.156921
1.078461
-0.462198
2.156921
2.310987
4.467909
-0.616263
-1.078461
-2.619119
-2.465053
-2.465053
-2.002856
-0.154066
-0.616263
-1.232527
-1.078461
4.159777
3.235382
-1.078461
-0.308132
-1.386592
0.462197
1.232527
3.543514
4.930106
0.154066
-0.770329
-0.616263
2.927250
6.778896
2.773185
7.087028
4.776040
3.851645
-1.540658
0.616263
6.932962
5.700435
8.165488
3.235382
1.078461
-1.848790
-0.308132
2.927250
2.927250
5.546370
0.154066
-1.232527
-1.848790
-2.927251
-2.156921
-2.927251
-3.235382
-3.543514
-2.927251
1.848790
-0.770329
0.308132
-2.002856
-1.694724
0.770329
-0.000000
1.078461
-0.308132
0.462197
-1.540658
-1.848790
1.386592
-0.308132
2.465053
-0.462198
0.616263
2.156921
1.078461
-1.232527
-1.078461
2.002856
-0.000000
4.930106
0.924395
2.773185
0.924395
-3.851645
2.156921
-2.927251
-2.465053
-2.156921
-2.002856
-2.002856
-3.235382
2.002856
-1.848790
-4.005712
-4.621974
-0.308132
-0.770329
-2.310987
-0.462198
-4.313843
-6.316699
-5.392303
-3.851645
-3.081316
-4.776041
4.313843
-1.386592
-1.848790
-2.773185
-3.081316
-1.694724
1.694724
-1.386592
-3.697580
-3.389448
-1.232527
-0.462198
-2.310987
-1.848790
-3.543514
-0.924395
-3.081316
0.308132
-0.924395
-4.313843
-0.616263
-3.543514
-2.465053
2.002856
2.002856
2.773185
-1.694724
0.770329
-1.848790
-1.540658
1.848790
4.776040
4.621974
-1.386592
0.616263
-4.005712
-1.540658
1.078461
-0.000000
1.694724
1.848790
-1.540658
-1.848790
-0.154066
4.621974
0.924395
3.697580
1.694724
-0.462197
1.078461
-1.386592
-0.154066
0.616263
0.154066
-0.770329
0.154066
-0.616263
-1.386592
-1.386592
-1.232527
-1.232527
-1.078461
-1.078461
-0.616263
-2.156921
-1.848790
-4.313843
-5.700435
-0.924395
-1.694724
-1.232527
-1.848790
-3.851645
-7.857357
-8.473620
-2.156921
-4.159777
-1.540658
-2.310987
-4.005712
-4.005712
-5.700435
-2.156921
-3.389448
0.154066
-1.540658
1.540658
2.310987
2.310987
2.002856
-1.386592
-0.616263
-1.078461
-1.694724
-0.770329
-1.386592
-1.694724
-2.465053
-3.697580
0.616263
-0.770329
1.694724
1.540658
0.308132
-8.627686
-1.540658
4.467909
6.470764
3.851645
4.621974
6.008567
-4.313843
-1.386592
5.546370
-0.616263
-0.000000
-0.000000
1.232527
-1.540658
0.462197
2.465053
2.310987
-4.005712
-3.081316
-0.000000
-0.154066
-2.465053
3.851645
-6.008567
-4.467909
-4.930106
-4.005712
-1.078461
-1.386592
6.008567
2.156921
1.232527
1.386592
1.848790
-0.924395
-11.863068
1.540658
1.694724
2.002856
2.310987
3.081316
-15.252516
2.927250
4.159777
2.002856
0.154066
-0.154066
1.386592
3.389448
-0.770329
-0.616263
-1.386592
0.770329
-0.462198
-4.005712
-0.308132
-0.924395
2.002856
-2.619119
1.540658
-1.540658
-6.624830
-3.081316
-0.924395
2.465053
-4.313843
-4.621974
-6.162633
-6.624830
-0.924395
-0.308132
1.540658
2.465053
0.154066
-3.081316
-4.467909
-1.694724
1.694724
2.773185
10.168344
6.316699
-0.308132
-1.848790
-0.462198
4.313843
1.694724
3.543514
1.540658
-0.000000
-0.770329
3.697580
3.235382
0.154066
1.232527
-1.540658
-1.694724
0.308132
0.924395
0.924395
-2.156921
-0.616263
-4.159777
-3.543514
-1.848790
-1.540658
0.308132
-3.697580
-1.694724
-3.851645
-2.002856
-3.697580
-2.156921
0.462197
-2.156921
-1.232527
0.154066
-0.770329
-5.546370
-3.081316
2.002856
-0.154066
-0.000000
-0.924395
-0.154066
-2.465053
-3.235382
2.310987
-0.770329
-0.462198
-2.619119
-0.616263
-1.386592
0.616263
2.156921
-2.773185
-4.313843
-1.078461
-5.854501
-4.467909
0.616263
-1.694724
-1.540658
-1.540658
0.770329
0.770329
-1.078461
-1.540658
-1.386592
1.694724
1.386592
-2.002856
-0.924395
2.156921
1.386592
0.462197
2.465053
2.773185
-5.700435
-5.546370
2.927250
2.619119
-0.000000
-1.232527
-1.078461
-3.851645
-2.927251
-1.078461
-3.389448
-0.000000
1.078461
0.770329
-4.930106
-1.694724
-0.308132
-0.770329
-1.540658
0.770329
1.848790
-1.540658
2.002856
-1.540658
-0.000000
1.232527
1.540658
-0.000000
0.924395
-1.078461
-1.694724
0.616263
1.848790
-0.462198
0.616263
0.154066
0.462197
0.924395
1.232527
-0.616263
-1.386592
1.078461
-0.616263
0.154066
1.232527
0.462197
0.154066
-2.156921
-0.000000
4.005711
5.238238
2.310987
0.462197
0.616263
-4.005712
-2.156921
8.473619
5.084172
-6.932962
-4.005712
0.308132
0.616263
0.924395
7.857357
3.389448
0.154066
0.308132
0.154066
0.616263
-7.087028
-0.000000
-0.000000
2.156921
0.308132
0.924395
-1.232527
-1.694724
1.078461
2.002856
1.078461
1.386592
1.386592
1.540658
1.078461
-0.770329
-0.462198
1.540658
1.694724
0.770329
-0.770329
-0.924395
-3.697580
-3.389448
-1.232527
1.694724
2.465053
-3.697580
-1.232527
-5.392303
-4.930106
-0.924395
-1.232527
2.465053
-1.540658
-2.156921
0.462197
-3.851645
-2.619119
-2.927251
3.697580
1.540658
-1.848790
-0.770329
-1.848790
2.310987
0.154066
3.697580
1.078461
-4.005712
-1.386592
-4.159777
-1.078461
2.927250
1.386592
0.308132
-1.232527
-0.924395
-1.540658
-0.000000
-0.308132
3.235382
3.235382
4.005711
5.238238
4.776040
4.467909
4.005711
4.313843
0.616263
0.770329
-0.154066
0.616263
2.310987
3.081316
4.005711
0.308132
1.078461
9.398015
5.084172
3.851645
3.081316
1.848790
-2.619119
-4.776041
4.467909
2.927250
-5.238238
2.310987
0.924395
-2.465053
0.616263
2.002856
-2.002856
-4.776041
-0.770329
1.386592
-2.310987
-0.308132
-5.392303
-5.854501
-2.310987
-1.540658
5.084172
-2.156921
-1.078461
-1.848790
0.462197
-0.924395
2.773185
3.697580
0.462197
0.770329
0.924395
1.232527
1.078461
2.310987
0.770329
-0.616263
-0.000000
-5.700435
-4.313843
0.154066
-0.770329
1.386592
-1.232527
-2.465053
-8.011422
-6.008567
-1.232527
-1.232527
1.694724
-3.081316
-1.078461
-1.848790
-3.235382
-2.310987
-2.465053
1.386592
-0.462198
-4.467909
-3.697580
-4.005712
-1.232527
-1.232527
0.308132
-3.081316
-7.549225
-1.386592
-7.703291
-4.313843
-1.386592
1.848790
0.616263
-0.308132
0.770329
-0.770329
-0.924395
-1.386592
-1.540658
-1.386592
-0.308132
0.308132
-0.000000
-0.924395
-1.540658
-0.308132
0.154066
1.848790
4.621974
3.697580
0.462197
-0.462198
1.232527
0.154066
0.924395
0.924395
-0.154066
1.386592
2.002856
0.924395
-3.389448
-3.389448
0.308132
2.310987
-0.616263
-1.848790
0.616263
-0.924395
1.078461
4.005711
4.467909
-2.310987
-0.462198
-0.154066
-3.543514
-1.232527
-0.770329
-1.078461
-3.697580
-0.616263
-1.386592
-2.773185
-2.773185
-2.310987
-1.848790
-1.540658
-0.616263
-1.078461
-1.078461
0.154066
1.232527
1.078461
0.308132
-0.308132
-0.616263
-1.078461
-0.154066
-0.000000
-0.308132
-0.000000
-1.694724
2.156921
0.462197
-2.465053
-3.697580
-2.156921
-1.078461
0.462197
1.694724
-1.386592
-0.616263
1.232527
-1.540658
-0.308132
-0.616263
0.924395
-0.924395
-2.310987
-1.078461
-0.924395
-1.232527
0.616263
-0.154066
-2.002856
-4.313843
-1.694724
-2.773185
-0.616263
-0.616263
-0.924395
-0.154066
-0.462198
1.232527
-0.616263
0.154066
-2.002856
4.467909
2.773185
3.235382
3.389448
3.389448
2.927250
2.002856
2.619119
-0.308132
-0.154066
3.081316
2.156921
-0.000000
0.462197
2.310987
0.308132
0.154066
1.078461
-0.616263
-0.462198
-0.154066
1.694724
-0.924395
0.770329
1.694724
0.308132
3.235382
0.308132
3.081316
-0.154066
0.462197
2.619119
0.462197
-0.000000
0.770329
3.543514
0.308132
3.389448
2.927250
-0.462198
-0.308132
1.694724
3.389448
1.386592
3.851645
2.465053
3.081316
2.465053
3.081316
2.619119
0.308132
-0.616263
-1.848790
-1.848790
-0.308132
2.310987
-0.154066
0.616263
0.462197
-2.002856
-0.616263
0.308132
1.078461
1.540658
4.776040
4.467909
-3.389448
1.386592
2.927250
2.773185
1.848790
1.232527
-2.619119
3.697580
4.005711
-3.081316
3.389448
2.156921
2.465053
-3.851645
-1.848790
-0.308132
-0.924395
2.927250
0.770329
3.081316
-8.473620
-4.313843
-4.467909
0.770329
2.465053
2.156921
2.002856
1.078461
0.308132
1.848790
1.386592
1.232527
6.470764
1.232527
1.848790
1.078461
1.232527
2.465053
3.851645
1.232527
-4.159777
-1.232527
0.308132
0.924395
-0.000000
-1.232527
1.694724
-2.002856
2.310987
-5.546370
-0.000000
1.540658
-2.002856
1.694724
0.770329
2.156921
-5.084172
-0.770329
6.932962
4.005711
1.540658
-1.386592
-1.078461
-2.927251
2.465053
4.313843
-0.154066
2.310987
1.540658
2.619119
0.462197
2.002856
3.543514
-0.770329
5.084172
-1.232527
0.616263
-0.308132
0.462197
0.462197
3.697580
-3.851645
-1.848790
-1.386592
-1.540658
-1.540658
-2.310987
-3.235382
-1.694724
-2.773185
-3.697580
2.156921
1.848790
-3.081316
-3.697580
-2.619119
-2.773185
0.462197
1.540658
3.389448
-4.467909
-5.546370
-3.389448
-2.619119
2.927250
-2.773185
-1.848790
3.081316
-3.235382
-3.081316
-9.089883
-5.700435
-7.703291
-2.310987
-3.697580
-7.703291
-1.848790
-5.546370
-0.924395
-4.313843
-2.310987
-5.854501
-6.624830
-3.543514
-4.313843
-3.851645
-6.470764
-4.776041
-4.005712
-3.851645
-0.000000
1.078461
0.616263
1.232527
1.386592
-0.000000
-0.308132
0.616263
-0.770329
-1.386592
-6.778896
-5.854501
-0.616263
0.308132
1.694724
-6.162633
-4.621974
-1.848790
-2.002856
-1.540658
-1.694724
0.308132
-8.781752
-9.243949
-0.616263
-3.389448
-10.168344
-4.776041
-0.154066
-4.159777
-10.784607
-6.470764
-8.473620
-6.008567
-2.773185
-0.154066
-3.697580
-13.711858
-10.168344
-10.784607
-3.389448
0.616263
0.462197
-2.465053
-1.848790
-3.543514
-1.386592
-1.078461
0.462197
-3.081316
-2.156921
-0.616263
0.770329
0.462197
-0.770329
-3.235382
0.308132
1.540658
2.156921
1.232527
0.770329
1.848790
-1.386592
1.540658
-0.308132
-0.154066
1.694724
-1.540658
0.924395
-0.462198
2.619119
-2.156921
-2.465053
-2.156921
-1.694724
-3.389448
-0.770329
0.154066
-2.002856
-1.386592
-0.308132
-2.465053
-4.005712
-0.462198
1.232527
-1.078461
-5.700435
-2.619119
-3.389448
-4.313843
-0.770329
-1.078461
-1.232527
-2.310987
-1.540658
-3.081316
-2.619119
-3.081316
-0.924395
0.462197
2.310987
1.386592
1.232527
1.232527
0.154066
-0.462198
1.232527
-0.000000
-3.235382
-3.697580
-1.232527
0.154066
-1.078461
-3.851645
-0.924395
2.310987
-0.308132
-1.078461
-0.924395
-1.386592
-2.773185
1.694724
9.243949
5.084172
-1.540658
-4.930106
-1.078461
0.924395
4.313843
4.005711
2.619119
0.462197
-2.465053
0.308132
-0.000000
0.770329
1.386592
-4.005712
-4.930106
-1.232527
1.232527
3.081316
3.543514
3.697580
2.773185
1.848790
1.078461
5.700435
-0.154066
1.386592
1.386592
1.386592
0.616263
2.927250
2.156921
-1.694724
-0.154066
-1.694724
-0.770329
-0.924395
3.543514
3.389448
0.308132
3.081316
-4.313843
-2.310987
2.310987
5.546370
3.081316
-2.773185
4.005711
4.621974
2.619119
-4.005712
3.235382
4.159777
-0.154066
-1.386592
-0.308132
-1.848790
-2.310987
3.081316
4.005711
1.540658
-5.238238
0.924395
-5.238238
-1.386592
4.776040
5.084172
3.543514
2.002856
3.851645
3.389448
2.773185
4.467909
4.776040
2.465053
4.467909
4.159777
4.005711
4.159777
2.465053
0.154066
-0.616263
2.002856
-1.694724
-2.156921
-0.154066
-2.310987
3.235382
1.386592
5.546370
3.851645
3.543514
2.465053
-3.543514
2.465053
4.159777
6.778896
3.851645
7.241093
2.310987
-2.156921
1.386592
1.386592
-0.616263
0.308132
-0.924395
-0.000000
-1.848790
3.389448
2.310987
-0.924395
6.008567
-0.616263
-0.154066
-1.540658
0.616263
-3.235382
-3.081316
-3.235382
-2.773185
-2.927251
-5.238238
2.927250
0.616263
-0.308132
-0.770329
-0.770329
0.154066
1.848790
-0.924395
-4.005712
-4.005712
-6.008567
-4.621974
-4.159777
-1.694724
-1.078461
-1.694724
0.308132
-0.462198
0.770329
-2.156921
-1.540658
-1.848790
-1.848790
4.313843
11.554936
10.168344
0.462197
-1.078461
-1.848790
-2.310987
2.002856
7.087028
3.543514
-2.619119
-2.310987
0.154066
-4.467909
-0.308132
0.770329
-0.000000
-2.773185
-0.154066
0.154066
-1.848790
-2.310987
-2.310987
-2.002856
-1.078461
2.310987
-3.851645
-4.313843
-2.156921
-1.078461
-0.308132
-2.002856
-4.159777
-4.930106
-3.081316
0.154066
-1.386592
0.924395
2.773185
-2.927251
-2.619119
-0.462198
-0.462198
5.700435
4.621974
3.697580
4.313843
-1.540658
3.851645
4.313843
2.465053
6.008567
6.778896
5.854501
-1.694724
3.543514
7.549225
9.860212
10.784607
10.168344
4.776040
-1.848790
0.616263
8.627686
7.857357
8.935818
7.549225
3.081316
-2.465053
-3.081316
-0.616263
1.694724
1.232527
1.078461
-2.156921
0.154066
-0.770329
-0.924395
-1.078461
-1.078461
-1.232527
0.308132
-0.770329
-1.540658
-1.694724
-0.308132
-0.770329
-1.694724
-0.308132
-0.462198
-1.232527
2.773185
0.924395
2.002856
2.773185
-0.616263
0.154066
-1.386592
-3.081316
-6.008567
-3.235382
-0.616263
0.616263
-0.000000
1.694724
-0.770329
-5.854501
0.308132
4.159777
-0.308132
-0.462198
1.232527
6.932962
-0.462198
2.156921
4.005711
-0.154066
-0.462198
-0.154066
3.389448
0.462197
1.232527
0.462197
0.770329
-0.154066
2.619119
0.154066
0.308132
0.616263
1.078461
2.465053
1.386592
3.389448
3.543514
-0.000000
-0.000000
3.697580
3.851645
0.616263
-0.000000
1.694724
-6.470764
-4.159777
2.310987
1.078461
0.770329
0.770329
-3.389448
-3.851645
-4.776041
0.462197
-0.154066
-0.154066
5.084172
-1.694724
-0.462198
-0.462198
7.087028
2.773185
1.386592
2.927250
-2.927251
0.616263
-6.008567
1.232527
2.310987
1.078461
3.081316
2.002856
5.392303
2.773185
2.156921
3.235382
4.776040
2.002856
2.002856
1.078461
1.232527
1.848790
2.927250
0.616263
-1.694724
-1.848790
0.154066
0.924395
-1.694724
-0.616263
0.924395
-0.154066
1.386592
6.162632
3.389448
0.616263
0.308132
1.078461
-0.924395
-2.619119
-2.619119
1.078461
0.924395
1.848790
2.619119
0.154066
-1.694724
-5.238238
0.154066
1.232527
0.308132
1.694724
1.540658
7.549225
0.308132
-0.000000
2.310987
1.848790
2.310987
0.770329
3.851645
4.005711
3.851645
1.848790
0.924395
0.462197
-3.851645
-1.694724
-0.770329
-0.616263
-1.540658
-1.694724
-3.697580
-5.700435
-4.621974
-0.770329
-1.848790
-4.467909
-4.313843
-1.694724
-2.927251
-3.543514
5.392303
3.389448
-4.467909
-2.773185
-2.002856
-0.924395
1.694724
2.927250
5.238238
1.694724
-1.386592
-0.924395
-3.543514
-0.770329
-0.308132
1.078461
-2.619119
-2.002856
-2.310987
-4.313843
-2.773185
-4.467909
-0.770329
-4.005712
-2.465053
-3.081316
-4.005712
-2.773185
-2.156921
-2.156921
-2.619119
-5.700435
8.011422
2.310987
3.851645
2.927250
3.389448
4.930106
3.697580
0.924395
-0.462198
1.540658
1.540658
1.232527
2.002856
-0.154066
0.770329
-2.619119
-0.308132
-5.700435
-1.386592
3.081316
1.848790
-0.770329
-2.156921
-3.235382
5.084172
7.703291
-3.081316
1.386592
0.770329
0.924395
3.851645
3.851645
4.467909
4.313843
2.465053
2.619119
2.465053
-2.619119
-0.462198
2.773185
4.159777
1.386592
2.002856
-1.078461
0.616263
0.308132
2.310987
2.156921
-4.005711
-2.619119
-2.465053
-3.081316
-3.543514
-3.543514
-3.081316
-0.308132
-1.848790
0.462197
-1.078461
-0.154066
-0.616263
-0.154066
0.770329
-2.156921
1.540658
-4.005712
-1.848790
-2.619119
-2.773185
1.386592
-1.694724
0.770329
-3.851645
-3.543514
-1.694724
-2.619119
3.697580
-2.773185
-1.232527
-2.619119
-3.697580
-2.002856
-2.619119
1.540658
-3.851645
-0.154066
-2.927251
-5.854501
-6.778896
-5.238238
-1.078461
-1.386592
1.386592
-2.002856
-1.078461
-2.002856
-0.770329
2.465053
-3.081316
-0.154066
0.462197
-0.000000
0.308132
0.924395
-0.308132
-0.308132
0.616263
0.770329
0.154066
0.924395
1.694724
-0.616263
0.924395
1.386592
1.848790
-3.851645
-0.154066
2.465053
1.540658
0.924395
0.770329
3.697580
6.162632
7.857357
2.927250
-0.308132
1.386592
-1.232527
0.462197
4.005711
2.465053
-1.694724
0.154066
-0.462198
-0.154066
-0.308132
0.616263
2.002856
1.540658
0.308132
-1.540658
0.616263
1.386592
-0.154066
2.156921
2.310987
-1.848790
-0.000000
-2.002856
-1.848790
-1.386592
-1.232527
-2.002856
-1.386592
-0.000000
-0.924395
-0.154066
0.924395
1.078461
0.308132
-1.232527
1.078461
1.078461
1.078461
4.930106
6.932962
3.081316
2.310987
0.770329
0.770329
-3.235382
-1.386592
0.616263
-2.002856
1.386592
1.078461
1.078461
-0.000000
-0.616263
-0.308132
0.308132
1.540658
0.308132
2.465053
2.002856
4.930106
-1.694724
3.081316
0.308132
1.386592
0.462197
-0.462198
-1.078461
-1.078461
-0.308132
2.156921
-2.310987
-2.156921
-2.002856
-2.310987
-2.156921
-2.310987
-0.770329
-1.540658
-0.308132
-0.770329
2.310987
1.848790
-0.308132
0.462197
-0.924395
2.002856
2.619119
11.709002
8.781752
-0.000000
1.848790
-0.308132
5.392303
9.860212
7.087028
7.703291
7.241093
6.162632
0.308132
1.694724
5.854501
5.084172
5.546370
3.389448
2.156921
-0.462198
2.465053
8.165488
5.700435
7.395159
3.851645
2.002856
-1.386592
1.078461
1.694724
0.308132
2.156921
0.770329
-0.616263
-0.308132
1.078461
0.308132
2.310987
2.002856
0.154066
0.462197
-0.154066
1.078461
2.465053
5.084172
4.776040
0.924395
-0.924395
-0.462198
4.159777
3.235382
4.776040
3.235382
1.540658
-0.770329
-0.000000
6.162632
1.540658
-1.694724
-2.619119
4.313843
1.848790
-0.000000
2.465053
1.078461
-3.697580
-0.616263
1.386592
1.078461
-1.386592
4.005711
-0.308132
0.616263
-1.848790
0.462197
1.232527
-3.081316
1.694724
3.697580
3.235382
3.081316
1.232527
-1.848790
-2.465053
-2.156921
-1.078461
-0.770329
-0.616263
-1.694724
-2.465053
-0.616263
-0.924395
-0.154066
0.616263
0.154066
-0.462198
-1.386592
-0.000000
0.924395
2.773185
-4.467909
-1.540658
1.078461
-0.308132
-0.924395
1.540658
0.308132
-1.386592
-3.543514
1.232527
2.002856
-1.540658
0.924395
2.156921
0.462197
4.159777
-0.770329
0.154066
-1.232527
-0.462198
-1.848790
-6.624830
1.078461
-0.154066
-0.924395
-2.465053
-0.616263
-0.154066
0.154066
-0.000000
0.154066
-3.081316
3.851645
0.616263
-0.000000
-0.924395
-0.770329
0.154066
2.156921
0.308132
-1.540658
-2.156921
2.310987
2.156921
-2.310987
0.154066
-1.232527
1.540658
2.156921
2.156921
2.927250
-1.386592
-0.924395
-1.232527
3.081316
7.087028
5.238238
6.624830
3.543514
1.694724
-0.770329
-0.462198
5.700435
5.546370
5.700435
2.773185
-0.616263
-0.000000
0.154066
5.084172
6.778896
9.398015
2.927250
-0.616263
1.848790
-0.616263
0.462197
-0.770329
1.540658
0.924395
1.540658
0.770329
0.462197
0.462197
0.154066
0.308132
0.770329
0.308132
0.616263
0.462197
0.770329
-2.619119
-0.770329
0.462197
0.770329
0.616263
1.386592
2.465053
-6.316699
-2.619119
1.232527
0.616263
0.924395
1.078461
1.694724
0.462197
1.232527
-0.770329
1.694724
0.924395
1.540658
-2.773185
-1.694724
1.232527
0.770329
0.616263
0.616263
-1.848790
-10.630542
-3.851645
-2.619119
0.462197
1.540658
0.770329
1.232527
-1.232527
1.386592
-0.770329
0.616263
0.462197
6.316699
2.465053
2.619119
0.616263
1.078461
2.927250
4.621974
3.389448
1.540658
1.232527
-0.924395
-2.310987
1.386592
2.619119
2.927250
-1.386592
0.924395
-8.473620
-8.011422
1.078461
1.078461
0.770329
-1.232527
1.540658
0.154066
3.235382
-0.616263
-3.081316
1.232527
0.154066
2.310987
0.924395
1.232527
-0.154066
-1.540658
2.927250
2.465053
5.392303
-1.078461
3.697580
-0.462198
-0.770329
3.697580
-1.848790
-1.694724
-4.005712
-2.465053
-2.310987
-2.619119
-0.462198
-1.694724
0.924395
1.540658
1.232527
0.616263
-4.159777
-4.005712
-2.310987
2.310987
2.465053
0.924395
-1.540658
-6.470764
-3.697580
-3.543514
2.310987
1.694724
0.616263
-0.000000
-4.313843
-4.930106
-6.778896
-12.941528
-10.784607
-9.860212
-9.398015
-9.398015
-3.851645
-4.930106
-7.087028
-11.246805
-11.400870
-4.159777
-5.854501
-2.927251
-4.467909
1.232527
3.543514
5.238238
0.770329
-6.778896
1.232527
-1.694724
2.156921
0.308132
3.081316
2.310987
-7.241094
-1.694724
-0.000000
-1.540658
-1.540658
-1.386592
-0.770329
-0.308132
0.154066
1.078461
0.924395
3.389448
4.159777
1.694724
2.927250
-0.462198
3.235382
-1.232527
-2.156921
0.154066
0.924395
1.232527
-0.308132
-0.154066
-9.398015
-8.473620
-7.087028
-0.154066
2.927250
0.308132
-1.232527
-3.389448
-6.932962
-4.930106
0.154066
1.232527
0.924395
2.619119
2.619119
-0.770329
-1.694724
1.540658
0.770329
0.616263
2.773185
2.773185
0.154066
2.002856
2.619119
4.776041
-3.389448
-1.386592
-1.078461
-2.002856
-1.848790
-1.540658
-2.773185
-0.924395
-0.000000
-2.310987
-2.310987
-2.002856
-2.619119
-3.235382
-1.386592
0.924395
2.465053
2.156921
6.008567
-2.619119
-4.776041
-0.308132
2.156921
10.168344
7.241093
9.706146
5.392303
-3.543514
0.616263
-1.386592
-1.232527
-1.232527
0.616263
-1.540658
-2.619119
-1.232527
-2.310987
-0.616263
-6.316699
-1.694724
-0.308132
-2.773185
-2.927251
-6.008567
-3.235382
-4.005712
-1.540658
-1.848790
-3.081316
5.084172
0.924395
-2.465053
-1.386592
-1.694724
-1.694724
2.927250
-0.924395
3.081316
-1.540658
1.694724
2.002856
-0.770329
-2.156921
-2.927251
3.697580
-4.467909
-1.540658
-0.308132
-4.467909
-1.540658
-3.235382
1.540658
-4.005712
-2.156921
-4.621974
-0.924395
-1.386592
-4.159777
-4.776041
-3.697580
-3.543514
-7.241094
-4.467909
-2.310987
-3.235382
-2.002856
1.540658
0.462197
-0.154066
-1.232527
-2.002856
-0.770329
2.156921
3.543514
-0.000000
4.005711
4.159777
2.773185
-0.616263
0.462197
0.462197
0.462197
0.462197
1.078461
0.924395
0.616263
1.232527
-1.232527
1.386592
1.694724
0.770329
2.619119
-2.156921
5.084172
-1.232527
5.392303
6.624830
-4.005712
1.078461
-1.848790
6.778896
6.778896
8.011422
4.621974
4.776040
3.235382
-0.154066
-2.465053
2.773185
2.465053
0.924395
-0.616263
0.616263
-0.154066
-2.619119
2.156921
-4.776041
1.848790
1.694724
0.462197
-2.619119
-2.310987
-2.465053
-2.156921
-0.616263
-0.462198
-0.462197
5.238238
0.924395
1.386592
-0.000000
0.154066
1.540658
2.773185
2.002856
-1.540658
-1.848790
-1.848790
-2.465053
-1.848790
0.462197
1.694724
-3.851645
-1.848790
2.927250
-0.462198
-3.389448
-0.462198
1.540658
-2.002856
3.235382
-0.154066
-1.232527
-1.694724
-4.313843
1.386592
-3.851645
-3.235382
-2.773185
-1.694724
-1.848790
-1.386592
2.773185
-3.235382
-4.005712
-0.462198
-4.467909
-5.392303
-0.770329
2.310987
-2.927251
-4.776041
-4.930106
-5.392303
-6.008567
-0.462197
-15.098450
-6.316699
-6.778896
-5.084172
-5.392303
-6.624830
-11.400870
-5.854501
0.770329
3.081316
1.694724
1.694724
3.081316
-3.851645
-5.546370
2.619119
0.770329
1.694724
-1.078461
4.467909
-1.386592
-4.159777
-0.000000
-4.930106
1.848790
-0.770329
-1.694724
-1.848790
-5.238238
2.927250
-0.616263
2.310987
0.308132
2.773185
-0.770329
-5.546370
2.310987
0.924395
4.005711
-4.621974
0.308132
-2.310987
-13.403727
-2.156921
-2.773185
-1.078461
-0.924395
-1.540658
-10.322410
-0.924395
-3.543514
-2.002856
-2.156921
-2.002856
-1.232527
-2.927251
-1.232527
-0.924395
0.616263
1.540658
2.002856
0.616263
-3.851645
-0.154066
2.927250
2.465053
-1.386592
1.078461
3.389448
0.462197
-1.694724
-1.232527
-9.089883
-1.078461
1.232527
-0.462198
1.540658
-0.308132
-2.773185
-3.697580
-0.308132
3.235382
-1.694724
-0.770329
-3.235382
-0.616263
2.465053
-2.002856
2.773185
2.156921
-3.389448
-3.851645
-2.927251
-3.235382
-5.084172
-2.156921
-1.232527
-5.238238
-4.621974
0.770329
-0.462198
-0.308132
-0.462198
-0.770329
-0.924395
-0.308132
1.694724
1.386592
-1.694724
-2.156921
0.616263
1.848790
-2.310987
-0.308132
-0.000000
0.308132
-0.924395
-1.232527
1.078461
-1.078461
-2.619119
-5.546370
-4.930106
-5.700435
-3.235382
1.078461
-0.924395
-0.000000
-1.078461
-1.386592
-1.232527
-1.540658
0.154066
-0.616263
3.543514
2.156921
3.235382
-0.154066
-0.000000
2.310987
1.540658
5.546370
3.543514
5.392303
3.851645
4.159777
5.546370
2.310987
3.697580
2.773185
3.235382
3.389448
2.156921
3.851645
2.927250
2.156921
1.694724
2.156921
2.310987
0.924395
2.927250
3.543514
2.310987
-0.616263
-1.540658
-2.927251
1.386592
3.543514
3.851645
-1.848790
-4.776041
-0.308132
-1.540658
-2.773185
1.540658
3.851645
3.543514
-2.773185
0.462197
-2.927251
-2.619119
2.619119
2.619119
3.851645
4.005711
-1.078461
1.078461
0.924395
2.927250
3.081316
5.238238
3.389448
3.697580
3.081316
2.310987
4.776041
-0.616263
-1.386592
-0.770329
-0.154066
-0.616263
-1.540658
0.616263
1.386592
3.543514
2.002856
3.697580
4.467909
1.540658
2.002856
2.002856
7.087028
2.465053
4.776040
3.851645
0.924395
3.081316
0.616263
5.392303
-0.462198
-5.084172
-8.627686
-1.540658
0.770329
0.154066
-0.000000
3.389448
0.154066
0.154066
-3.389448
-2.310987
0.154066
2.619119
5.700435
-3.389448
1.694724
0.308132
-1.694724
-0.462198
-1.232527
-1.232527
-5.700435
-4.159777
-2.465053
-0.462197
-1.386592
0.770329
-0.462198
-1.232527
-0.924395
0.154066
-0.924395
1.386592
1.386592
-0.462198
-0.770329
-2.002856
0.154066
0.154066
0.154066
-3.081316
-1.078461
3.543514
0.154066
-0.154066
-1.540658
-0.462198
-1.232527
0.770329
0.462197
0.308132
-0.770329
-2.773185
-0.000000
0.616263
5.854501
3.543514
3.235382
1.540658
-0.616263
0.770329
-0.000000
0.154066
2.927250
3.389448
0.462197
-0.770329
0.154066
0.770329
0.924395
0.924395
0.462197
0.770329
-0.154066
2.465053
1.386592
1.078461
1.540658
1.540658
1.078461
1.694724
1.540658
-0.462198
-0.308132
-1.848790
-2.156921
-0.154066
0.924395
0.924395
-2.310987
0.154066
-2.002856
-0.770329
1.386592
1.078461
1.540658
-0.154066
1.232527
1.232527
2.002856
0.308132
1.540658
1.694724
2.773185
2.310987
3.235382
2.156921
4.467909
2.465053
2.002856
1.694724
1.232527
5.854501
2.619119
3.543514
1.694724
2.619119
1.540658
1.386592
3.389448
2.310987
2.310987
2.465053
4.621974
2.465053
2.156921
1.078461
1.232527
2.310987
2.465053
0.924395
-0.616263
-0.154066
-1.078461
-1.232527
-0.308132
-0.770329
1.540658
-0.154066
1.232527
-5.238238
-4.467909
-0.770329
-0.616263
1.386592
-0.770329
-0.462198
-3.697580
-2.773185
-0.154066
-3.389448
2.156921
-0.000000
-2.619119
-3.235382
-6.162633
-2.156921
-0.924395
1.078461
-1.540658
-5.238238
-3.543514
-6.008567
-2.619119
-0.616263
2.156921
-1.078461
-0.616263
-1.540658
-2.002856
-1.232527
-0.462197
-1.078461
1.078461
0.924395
1.848790
1.694724
1.386592
-0.770329
2.619119
2.927250
1.694724
4.467909
5.854501
3.081316
3.851645
1.848790
3.081316
-4.313843
-1.232527
-1.232527
0.770329
3.081316
2.773185
0.308132
-7.549225
-5.854501
-3.697580
0.154066
5.084172
-0.000000
-1.694724
-8.935818
-2.465053
-3.235382
-2.927251
3.389448
-0.462198
-1.232527
-9.552081
-2.773185
-6.624830
-2.773185
2.465053
-3.697580
0.770329
-1.694724
-1.540658
-0.462198
1.540658
-1.694724
5.700435
2.773185
3.235382
1.848790
2.310987
3.235382
3.543514
2.773185
-0.308132
-0.770329
-1.694724
-1.694724
-0.462198
1.232527
2.465053
-3.081316
-2.927251
1.078461
-1.078461
-2.002856
-0.000000
1.078461
-0.462198
-3.543514
-7.703291
-5.546370
2.465053
-1.232527
2.002856
-2.156921
1.848790
-4.467909
-1.386592
1.848790
-0.924395
2.927250
-1.694724
5.084172
1.078461
6.778896
0.462197
0.616263
4.621974
0.308132
-1.540658
-1.694724
-0.000000
-0.154066
2.927251
5.084172
2.927250
3.389448
3.543514
3.389448
3.851645
4.313843
4.776040
4.776040
4.313843
3.543514
4.005711
4.467909
4.776040
4.930106
4.313843
2.927250
-0.308132
1.078461
4.930106
5.546370
4.930106
0.770329
-3.543514
1.078461
1.540658
-0.154066
4.930106
4.467909
4.621974
0.924395
3.697580
2.465053
3.235382
5.238238
3.697580
5.546370
-0.770329
3.081316
0.154066
4.776040
3.697580
5.084172
5.238238
4.159777
4.930106
4.005711
4.313843
3.543514
-1.540658
-1.694724
-0.308132
-1.078461
-0.462198
-0.154066
-1.848790
1.386592
1.386592
2.927250
1.232527
1.848790
1.386592
-3.081316
1.848790
1.078461
2.619119
-1.694724
-1.694724
5.700435
0.308132
2.002856
-3.697580
-5.392303
-4.621974
-2.773185
-4.621974
-1.848790
2.002856
-0.000000
-2.465053
-4.313843
-4.467909
0.154066
-0.462198
0.924395
-0.308132
-3.081316
6.470764
-2.927251
-1.540658
-1.232527
-3.697580
-1.540658
-0.770329
2.310987
-1.848790
-1.386592
-7.241094
-0.308132
-1.232527
-1.540658
-1.232527
-1.232527
-1.232527
-1.540658
-0.770329
-0.154066
-0.924395
2.465053
2.156921
-0.616263
-1.386592
0.154066
2.310987
0.616263
8.473619
6.470764
0.462197
0.616263
1.078461
4.467909
9.089883
10.476476
11.400870
10.168344
4.313843
0.924395
1.694724
5.084172
6.470764
5.700435
4.005711
1.232527
-0.462198
1.078461
8.473619
6.624830
3.697580
0.924395
-0.924395
-1.386592
-0.308132
1.232527
-0.770329
1.078461
0.924395
-2.002856
-3.543514
-1.232527
-0.462198
0.154066
0.154066
-0.616263
-1.540658
0.308132
2.773185
1.386592
0.616263
0.924395
3.081316
2.156921
0.308132
4.005711
-0.308132
2.927250
0.616263
1.232527
0.308132
0.308132
3.081316
-0.924395
-3.697580
-5.084172
-0.000000
0.462197
0.616263
0.770329
3.697580
0.462197
-3.081316
-2.002856
-1.386592
-1.232527
-0.616263
3.235382
-2.310987
-0.462198
-2.002856
-2.156921
0.616263
0.462197
-3.081316
-2.927251
-3.389448
-1.540658
0.462197
0.770329
-1.540658
-0.770329
-1.386592
-0.924395
-0.924395
-1.078461
-1.386592
-1.848790
0.154066
2.619119
2.002856
-0.000000
-1.694724
-1.078461
1.386592
4.159777
8.011422
7.549225
1.694724
0.924395
-1.232527
0.770329
5.238238
8.473619
9.706146
6.624830
0.616263
-0.616263
-0.616263
-1.386592
1.848790
4.621974
3.081316
-0.154066
0.770329
-3.389448
-3.851645
2.156921
-3.389448
-2.619119
0.770329
2.465053
-1.848790
-3.081316
-0.000000
-2.002856
-0.308132
4.467909
1.386592
1.232527
0.308132
0.154066
0.154066
0.462197
2.619119
0.924395
0.154066
-1.232527
-3.389448
-3.697580
-0.924395
1.540658
0.924395
-3.543514
-3.697580
-4.621974
-4.930106
-1.848790
-0.462198
0.770329
-5.238238
-7.857357
-3.543514
-5.238238
-8.011422
-2.465053
0.308132
-1.848790
-2.310987
-4.621974
-5.392303
-2.619119
-1.232527
0.462197
-1.540658
-3.851645
-1.694724
-6.778896
-2.156921
0.462197
1.386592
0.462197
-0.308132
-0.308132
-0.924395
-0.154066
3.389448
-1.694724
2.002856
1.078461
2.002856
1.540658
0.770329
0.462197
3.697580
3.543514
1.386592
-1.232527
-2.002856
1.386592
3.697580
2.465053
2.002856
0.154066
-1.078461
-1.848790
0.616263
2.310987
2.002856
1.078461
0.308132
-0.000000
-3.389448
-1.232527
1.540658
1.386592
1.232527
0.770329
-1.848790
-1.848790
-0.616263
1.386592
3.081316
3.235382
-0.154066
0.154066
0.462197
0.462197
1.848790
3.235382
5.546370
5.392303
1.386592
2.465053
3.081316
4.467909
-6.624830
4.467909
1.694724
3.543514
3.543514
2.310987
-0.770329
5.700435
6.932962
4.776040
3.081316
3.543514
5.392303
5.392303
2.927250
4.776040
-0.154066
4.467909
3.851645
3.389448
5.854501
4.467909
3.235382
-1.078461
0.154066
1.078461
4.159777
2.927250
4.621974
6.162632
0.308132
2.002856
0.154066
3.697580
5.546370
4.005711
1.386592
-2.002856
0.308132
-1.694724
0.462197
6.470764
-1.694724
1.232527
-0.462198
2.927250
-0.462198
-0.308132
1.694724
0.616263
-0.616263
-0.924395
-0.154066
-0.154066
-0.770329
-0.462198
-0.462198
-1.540658
-2.156921
1.848790
2.002856
-1.848790
-2.002856
-0.924395
-0.154066
2.927250
5.854501
6.008567
1.386592
-2.465053
-0.616263
2.002856
10.322410
7.241093
9.860212
4.313843
0.308132
-0.770329
1.386592
6.932962
8.935818
8.781752
4.930106
-1.386592
-0.308132
0.154066
7.241093
3.851645
5.238238
2.773185
-3.235382
1.232527
-0.924395
0.924395
-1.232527
1.232527
1.848790
-0.616263
5.392303
-0.000000
-0.770329
-1.694724
-1.232527
0.308132
-0.616263
0.770329
-0.924395
-0.462198
0.308132
2.002856
0.308132
-2.002856
-0.308132
-0.308132
-3.081316
-7.549225
-5.854501
0.462197
-1.540658
-0.770329
0.154066
-2.465053
-3.543514
-3.235382
7.703291
1.386592
1.078461
-0.616263
-2.156921
-3.543514
-0.308132
7.549225
0.462197
0.154066
-0.616263
1.540658
0.924395
0.770329
3.697580
0.308132
-2.002856
-2.619119
-2.156921
-1.232527
1.694724
1.694724
-3.389448
-1.078461
-0.000000
-0.462198
-0.616263
-0.770329
-0.462198
0.154066
0.308132
0.462197
-0.616263
1.694724
0.616263
-0.770329
1.078461
-1.232527
0.924395
-0.308132
-2.310987
-0.770329
-1.078461
0.308132
-0.462198
-0.000000
-1.848790
-0.462198
1.848790
2.465053
2.002856
-1.232527
-0.924395
-2.310987
-0.000000
-1.078461
-0.616263
-0.616263
-1.232527
1.232527
1.232527
0.616263
-1.078461
0.462197
-0.462198
-2.002856
-0.462198
-1.232527
-1.694724
-0.462198
0.462197
-0.308132
2.927250
2.619119
5.392303
5.084172
5.700435
5.392303
1.232527
4.621974
-0.154066
1.232527
-1.078461
-1.078461
3.081316
2.156921
4.159777
-1.540658
1.386592
1.848790
-0.308132
3.389448
0.154066
3.543514
-1.232527
-0.770329
0.154066
-0.616263
2.619119
-1.232527
3.851645
-2.773185
-2.310987
-2.465053
0.154066
-1.848790
-0.924395
4.159777
-1.694724
-4.159777
-5.854501
-4.005712
-2.002856
0.154066
2.310987
-3.235382
-5.238238
-3.081316
-3.235382
-1.694724
-3.543514
-3.543514
2.465053
-0.154066
2.002856
2.002856
-0.000000
-1.232527
3.851645
4.776040
1.078461
2.927250
4.005711
2.927250
3.235382
0.770329
-2.156921
-4.005712
0.616263
2.465053
1.540658
4.159777
-0.770329
-4.005712
-5.700435
-4.776041
-2.773185
-0.462198
1.078461
-1.540658
-5.238238
-5.854501
-6.008567
-4.776041
-2.773185
-0.000000
1.232527
-4.930106
-6.008567
-5.238238
0.462197
-0.770329
0.616263
4.621974
2.619119
1.848790
2.156921
1.232527
2.619119
5.700435
5.700435
2.927250
1.386592
-0.154066
-1.232527
-0.154066
1.848790
1.078461
-2.619119
-2.773185
-5.238238
-6.778896
-6.008567
-1.540658
0.616263
-1.386592
-0.924395
-1.540658
-2.927251
-3.851645
-2.619119
2.619119
2.310987
5.084172
5.238238
2.773185
-2.465053
-2.773185
3.235382
2.773185
4.005711
4.776040
0.462197
-2.310987
-1.540658
4.467909
2.619119
2.310987
2.156921
1.078461
-1.386592
-0.770329
1.232527
0.308132
-1.232527
-1.232527
-4.467909
-2.927251
1.848790
7.703291
1.694724
4.159777
0.924395
1.386592
4.159777
1.540658
0.462197
-4.313843
-0.616263
-0.000000
-0.924395
-0.462198
-2.773185
1.386592
-4.313843
0.616263
2.465053
2.156921
-1.694724
-6.624830
0.462197
-1.540658
-0.308132
-5.854501
-6.008567
-4.467909
-6.316699
1.540658
-2.927251
-2.465053
-5.854501
-2.773185
-0.924395
-4.621974
1.848790
-3.851645
-0.924395
-2.156921
-0.000000
1.232527
-2.773185
-0.462198
-6.778896
-4.313843
-5.700435
-5.238238
-5.084172
-7.703291
-2.619119
1.078461
-1.078461
-0.924395
-0.924395
-0.924395
-0.924395
-1.694724
0.616263
-0.000000
0.616263
0.154066
-0.462198
-1.386592
-3.389448
4.005711
1.540658
1.694724
1.386592
-1.078461
-2.773185
-2.310987
4.005711
3.697580
-0.770329
4.005711
7.241093
2.927250
-2.927251
-3.081316
3.543514
0.924395
4.159777
-0.308132
-2.156921
-3.081316
2.310987
2.310987
3.081316
2.465053
1.232527
-3.081316
-0.770329
-1.848790
-2.927251
-4.930106
-2.002856
-1.694724
3.081316
1.386592
-2.002856
-1.386592
-2.002856
-1.848790
-1.694724
-0.462198
-3.389448
-4.159777
-2.927251
-0.462198
0.154066
-1.848790
-2.773185
-1.848790
-0.770329
-3.697580
-3.543514
-2.156921
-4.621974
-2.619119
-1.848790
1.848790
0.462197
-3.081316
-4.159777
-0.462198
-1.848790
-1.078461
-2.002856
-2.619119
-4.776041
-2.619119
-1.078461
-2.002856
-1.078461
-3.081316
-0.308132
-3.543514
0.770329
1.078461
-1.386592
-2.156921
-4.159777
-0.770329
-3.081316
-0.154066
-0.770329
-2.619119
-3.851645
-1.848790
-3.389448
-3.389448
-2.773185
-2.773185
-1.694724
-1.078461
1.232527
0.154066
-1.078461
-0.000000
1.078461
0.770329
-0.308132
1.386592
-3.235382
-5.854501
-3.543514
-0.462198
1.540658
-0.770329
1.078461
-6.162633
-1.848790
0.616263
-2.773185
2.310987
-0.154066
3.389448
1.386592
3.235382
2.002856
0.616263
2.773185
0.308132
2.156921
-0.616263
2.619119
-0.924395
-0.462198
2.310987
-1.848790
2.002856
3.235382
2.465053
3.081316
2.156921
2.002856
-0.000000
0.770329
1.386592
0.616263
1.232527
1.848790
1.386592
1.232527
0.924395
-0.000000
0.154066
-1.232527
-0.462198
1.386592
2.773185
3.235382
4.313843
4.930106
4.313843
0.154066
2.619119
2.156921
1.848790
3.697580
-2.927251
-0.154066
-1.694724
1.694724
3.081316
1.848790
0.616263
-0.770329
-3.235382
-0.924395
3.389448
2.156921
1.694724
0.924395
-2.310987
-1.232527
-0.154066
0.924395
0.308132
-0.000000
2.156921
0.308132
-0.616263
-2.310987
-1.540658
0.770329
-1.694724
-1.078461
-1.694724
-1.540658
-1.386592
2.927250
-2.927251
-2.465053
-3.389448
-3.389448
-2.465053
-2.156921
-0.462198
-0.154066
0.154066
-3.697580
-1.078461
1.848790
-0.924395
2.465053
-1.232527
0.924395
1.848790
-0.770329
0.616263
-0.616263
0.462197
-0.770329
2.619119
2.465053
-2.002856
1.694724
3.851645
0.924395
-3.543514
-3.081316
-0.616263
-8.011422
-4.776041
-1.078461
-2.465053
-0.924395
-5.084172
-3.697580
-4.621974
-1.694724
-4.930106
1.848790
-0.462198
-0.770329
-1.078461
-2.310987
-2.002856
-0.462198
-0.462198
1.386592
0.462197
0.462197
-0.462198
-1.232527
-0.000000
0.154066
1.232527
0.308132
2.465053
5.854501
5.084172
0.770329
-0.924395
1.078461
2.927250
2.619119
1.694724
4.313843
4.621974
1.540658
2.156921
1.078461
-1.232527
-7.241094
-4.930106
1.232527
2.310987
1.232527
2.465053
10.014278
3.851645
1.386592
1.848790
0.616263
1.848790
0.616263
1.694724
0.462197
0.154066
0.770329
-2.310987
2.310987
0.616263
2.002856
0.924395
0.770329
1.694724
1.232527
-0.924395
-3.081316
-1.694724
-0.000000
-0.000000
-1.386592
-1.232527
-1.078461
-2.927251
-1.694724
-3.081316
0.770329
-2.773185
-3.697580
-2.310987
0.462197
5.392303
5.700435
2.465053
1.540658
-2.619119
-0.308132
-1.694724
3.235382
-1.232527
-3.697580
1.078461
-2.465053
0.154066
-4.313843
-2.927251
-3.235382
-2.927251
-2.156921
-2.002856
0.924395
-4.467909
-3.543514
-4.313843
-4.159777
-2.310987
-1.232527
6.932962
0.462197
1.386592
-0.770329
-0.308132
1.848790
2.619119
2.310987
-3.697580
-2.465053
-0.616263
-0.924395
-1.540658
-1.540658
1.232527
-3.543514
-0.616263
3.081316
1.848790
-1.078461
-0.924395
2.156921
-3.235382
4.159777
7.703291
7.857357
3.543514
2.310987
1.848790
-3.389448
1.540658
7.549225
7.087028
-0.000000
-0.154066
1.694724
-0.770329
4.776040
1.078461
8.165488
3.235382
0.308132
2.465053
-1.694724
-1.694724
-2.156921
0.308132
1.232527
0.462197
