5.084172
2.773185
4.467909
5.546370
5.392303
4.313843
0.308132
5.392303
0.770329
0.000000
-2.773185
-2.310987
0.462197
2.927251
6.624830
-3.235382
-3.543514
-4.621974
-6.162633
1.232527
3.543514
6.316699
-6.162633
-8.935818
-6.008567
-3.697580
-5.546370
0.462197
6.932962
1.078461
-3.235382
-2.773185
-1.232527
-2.465053
4.621974
6.932962
-2.002856
-2.002856
3.235382
-2.310987
-4.313843
3.697580
0.924395
1.540658
-0.154066
3.543514
-1.694724
-0.770329
-7.087028
-1.078461
1.078461
0.000000
0.616263
0.616263
0.462197
1.078461
1.232527
3.081316
3.697580
5.238238
5.084172
3.081316
3.235382
1.848790
3.389448
3.081316
6.778896
5.854501
3.235382
3.543514
2.002856
1.386592
2.002856
6.162633
7.241094
5.392303
2.002856
1.848790
4.159777
4.621974
3.389448
4.005711
3.235382
4.467909
1.078461
3.851645
9.398015
6.624830
4.776041
2.156921
3.389448
0.308132
2.465053
2.465053
2.619119
1.848790
1.232527
3.235382
5.854501
-0.154066
3.081316
1.232527
1.540658
2.465053
2.002856
-1.078461
-5.392303
-1.694724
-6.624830
-6.932962
-2.465053
-4.005711
2.619119
-3.543514
-3.389448
-3.697580
-6.008567
-3.081316
-0.770329
2.156921
-4.159777
-0.770329
2.465053
2.002856
1.848790
0.924395
3.389448
0.308132
7.241094
7.549225
6.624830
1.386592
1.386592
1.078461
-3.235382
6.470764
-3.081316
4.621974
0.000000
-1.078461
2.619119
-4.159777
-2.156921
-1.848790
-3.543514
-2.465053
-0.308132
-0.462197
-0.770329
0.308132
1.078461
1.078461
0.462197
-0.770329
2.002856
0.770329
0.770329
1.694724
2.002856
0.308132
0.770329
1.232527
-0.770329
-0.770329
-2.310987
-0.308132
0.462197
2.310987
0.770329
-3.697580
-4.313843
-3.081316
-1.540658
1.386592
0.924395
1.078461
-0.770329
-5.084172
-4.621974
-5.546370
-1.540658
0.616263
1.078461
0.462197
0.154066
-2.002856
-4.930106
-2.002856
0.770329
1.232527
2.619119
1.386592
0.154066
-2.156921
0.462197
1.232527
1.232527
-0.462197
-0.462197
-1.232527
-1.232527
-0.308132
0.308132
0.000000
-1.386592
-3.851645
-4.005711
-4.776041
-3.543514
-0.462197
-1.386592
0.154066
-2.156921
0.000000
-1.540658
-2.465053
-1.848790
-0.770329
1.848790
-4.467909
1.540658
-2.465053
-2.310987
-0.770329
-0.770329
-0.308132
2.465053
2.927251
2.465053
-2.002856
-2.773185
0.462197
0.000000
3.543514
1.848790
0.154066
-0.154066
-0.924395
1.078461
1.540658
-0.154066
-0.770329
-0.462197
0.154066
-1.078461
-1.540658
0.308132
0.462197
0.308132
0.000000
0.308132
0.616263
1.078461
2.927251
3.851645
2.773185
3.389448
2.927251
2.619119
1.848790
4.467909
6.778896
-3.235382
0.154066
2.465053
2.310987
1.694724
2.002856
6.932962
-2.465053
-2.465053
4.467909
1.232527
1.232527
1.386592
1.540658
0.000000
2.002856
0.616263
0.462197
0.462197
-0.154066
-4.776041
-0.770329
-0.616263
-1.232527
-0.154066
-0.616263
-0.770329
-3.697580
-0.462197
-2.156921
-2.465053
-0.308132
-5.084172
-2.465053
-3.389448
-2.156921
-2.156921
-3.697580
-3.851645
-2.619119
-0.462197
-0.770329
-0.154066
0.000000
-2.619119
-0.924395
-1.848790
2.002856
-0.924395
1.232527
0.000000
-1.848790
0.770329
-2.310987
0.000000
-6.316699
-6.470764
-6.778896
0.000000
1.694724
-2.310987
-2.773185
-3.851645
-8.165488
-7.395159
-4.930106
-2.002856
-2.002856
-2.002856
3.389448
-5.546370
-3.389448
-2.465053
-1.232527
-0.770329
-0.308132
-2.002856
-1.540658
-2.002856
-1.232527
0.154066
-2.002856
-3.235382
-3.235382
-3.081316
-3.235382
-3.235382
-2.927251
-2.773185
-3.081316
-3.081316
1.540658
0.924395
-3.697580
-4.159777
-3.697580
-0.924395
-0.462197
1.386592
1.848790
-1.848790
-3.851645
-4.005711
0.154066
4.621974
3.081316
4.159777
-0.308132
-3.081316
-4.313843
-2.310987
1.848790
1.848790
0.616263
-1.848790
-4.313843
-3.543514
-0.308132
1.848790
0.000000
3.543514
0.154066
-3.851645
-2.310987
-2.927251
-2.310987
-3.389448
-1.848790
-1.848790
-3.235382
2.310987
0.154066
0.616263
-0.154066
0.154066
0.770329
3.389448
1.386592
0.308132
-0.154066
2.310987
2.619119
0.000000
2.927251
1.078461
2.002856
2.773185
1.078461
4.159777
1.232527
1.540658
1.386592
2.773185
2.002856
-0.770329
1.232527
6.932962
4.159777
3.543514
2.310987
1.694724
-0.308132
-0.154066
3.543514
4.313843
3.081316
2.310987
-0.154066
4.313843
2.773185
2.310987
3.697580
2.927251
1.078461
2.927251
1.848790
3.081316
2.465053
3.389448
-7.395159
-3.389448
-3.081316
-3.081316
-3.235382
-3.389448
-5.238238
-4.467909
-3.389448
-3.235382
-3.235382
-3.389448
-3.851645
-4.159777
-3.851645
-4.313843
-0.770329
-1.540658
-1.694724
-2.310987
-5.238238
-3.543514
-4.313843
-1.232527
0.616263
2.773185
0.770329
-3.851645
-4.159777
-4.313843
-2.619119
0.770329
1.232527
-1.540658
-4.005711
-4.005711
-6.470764
-3.081316
0.924395
-1.386592
-5.238238
-4.313843
-4.159777
-4.159777
-4.776041
-3.697580
-4.467909
-4.776041
-4.005711
2.773185
-1.694724
-0.308132
-1.078461
-1.232527
-0.924395
0.462197
-3.543514
-5.084172
-4.776041
-0.462197
-0.616263
-5.392303
-4.159777
-3.543514
-4.930106
-2.773185
-2.156921
-1.386592
-4.776041
-5.546370
-2.773185
-4.930106
-9.089883
-8.319554
-5.700435
-8.935818
-5.546370
-1.078461
-4.005711
-2.927251
-3.389448
0.462197
-8.319554
-4.159777
-0.770329
-4.930106
-2.619119
-3.851645
6.624830
-1.540658
-3.235382
-0.616263
-4.621974
-5.238238
-4.467909
-4.467909
-5.700435
-2.465053
1.386592
-0.616263
0.308132
0.000000
0.154066
0.462197
-2.002856
0.308132
-1.694724
-1.232527
-2.310987
-2.927251
-0.616263
-2.773185
1.848790
-1.848790
-0.154066
-0.308132
-2.002856
0.770329
-1.232527
2.619119
0.924395
0.308132
1.078461
3.851645
1.694724
2.310987
1.848790
3.543514
2.619119
4.467909
2.773185
4.467909
2.773185
0.462197
-1.078461
0.154066
7.241094
0.462197
-1.386592
-1.078461
-0.154066
-2.773185
-0.616263
0.770329
-0.770329
-1.540658
-2.773185
-2.619119
-2.002856
-1.078461
-0.616263
-0.616263
-1.386592
-2.773185
0.154066
0.308132
1.386592
3.235382
2.310987
0.924395
0.616263
0.616263
1.232527
-0.924395
2.310987
2.773185
0.154066
1.540658
0.154066
-0.308132
-2.927251
-2.619119
1.540658
3.697580
1.540658
0.308132
-1.386592
1.078461
1.540658
1.386592
-1.540658
-0.154066
0.154066
0.616263
7.703291
-1.386592
2.156921
1.232527
0.308132
2.310987
1.078461
-1.078461
-2.619119
-1.078461
1.694724
2.773185
-0.924395
-0.770329
-3.081316
-3.081316
-2.156921
-1.232527
-1.386592
1.540658
-0.308132
-3.235382
-2.156921
-2.465053
-0.924395
0.308132
-0.924395
-0.924395
-3.697580
-3.235382
-4.467909
-3.389448
-2.927251
-0.154066
0.308132
-8.473620
-5.392303
-6.162633
0.154066
1.232527
-1.694724
-0.462197
-5.392303
-7.395159
-3.851645
1.386592
1.078461
0.924395
1.540658
-1.848790
-4.005711
0.154066
5.700435
1.078461
-2.002856
-2.465053
0.000000
-0.154066
-0.308132
1.386592
-2.619119
5.392303
1.694724
3.851645
3.235382
2.465053
2.927251
1.540658
3.851645
-1.232527
0.462197
-0.924395
-1.540658
0.616263
0.154066
3.235382
-2.310987
2.619119
0.462197
-1.078461
2.619119
1.232527
1.848790
-2.465053
0.616263
-2.002856
-0.924395
1.078461
-3.235382
3.389448
-1.232527
-0.154066
1.386592
0.924395
2.310987
-0.308132
2.619119
-3.851645
-7.087028
4.313843
-5.392303
-2.002856
0.770329
2.927251
-2.310987
-1.848790
3.697580
-1.232527
-2.156921
-2.002856
1.540658
-0.924395
1.232527
-0.462197
-0.770329
0.770329
0.462197
-0.770329
-1.386592
-0.616263
-1.078461
-0.462197
0.308132
-1.386592
-0.924395
-0.462197
-2.465053
2.773185
0.462197
-1.540658
-3.543514
-1.386592
-2.002856
-1.848790
0.616263
1.848790
-3.851645
-1.694724
-1.078461
-6.162633
0.616263
0.154066
2.156921
-5.238238
-3.543514
1.540658
-2.465053
0.154066
-4.930106
0.770329
-1.386592
0.770329
2.310987
-4.313843
-6.470764
-5.546370
-5.238238
-2.927251
0.770329
-3.851645
-3.851645
-3.081316
-2.465053
-2.310987
-3.389448
-4.776041
-4.159777
-2.310987
-1.694724
0.154066
-0.308132
-1.848790
-3.851645
-1.848790
-2.773185
-1.078461
2.156921
0.000000
-0.154066
-2.310987
-1.694724
-2.773185
-2.310987
-1.694724
-2.002856
-3.851645
-2.002856
-3.389448
-1.232527
0.770329
-1.694724
0.154066
0.924395
-0.924395
-3.697580
-0.154066
0.462197
0.924395
0.308132
-0.308132
-2.619119
-5.854501
-2.773185
-1.386592
-0.924395
-2.156921
-2.465053
-5.700435
-1.078461
0.462197
-0.154066
0.000000
0.154066
0.462197
1.694724
-1.386592
-0.462197
0.154066
2.927251
4.005711
1.694724
0.924395
-1.386592
-0.770329
-0.308132
2.465053
3.081316
0.308132
-2.773185
-1.694724
-0.616263
-3.081316
-2.773185
-3.389448
-1.078461
-2.773185
-2.619119
-2.156921
-6.470764
-12.325266
-6.932962
-0.308132
-3.389448
-1.540658
-1.386592
-2.002856
-3.235382
-5.238238
-0.154066
-1.848790
-2.002856
-2.465053
-1.232527
-3.697580
-1.540658
-0.616263
-1.386592
2.465053
0.308132
0.924395
1.232527
1.386592
0.616263
1.232527
0.616263
0.308132
0.000000
-0.154066
-0.770329
-0.462197
-1.386592
0.616263
-1.232527
-4.005711
-1.540658
-2.773185
-1.232527
-0.154066
0.616263
-2.619119
-5.238238
-2.465053
-3.697580
-6.316699
-1.694724
0.616263
-0.924395
-1.232527
-1.540658
-1.386592
-4.930106
0.154066
0.154066
-0.154066
-2.310987
-4.467909
-0.616263
-1.694724
0.000000
0.308132
-1.848790
-2.619119
-1.694724
-3.235382
-2.002856
-0.924395
1.694724
3.697580
5.392303
4.930106
4.005711
4.005711
5.238238
3.389448
2.927251
2.465053
-0.924395
-0.462197
0.924395
2.773185
4.005711
0.154066
0.462197
-2.156921
-0.154066
0.308132
4.313843
4.621974
1.232527
-0.462197
3.697580
-0.154066
-7.241094
-0.154066
4.621974
7.087028
0.616263
4.159777
-1.848790
-3.851645
3.235382
3.543514
0.154066
-9.706146
-2.773185
-5.700435
-3.235382
4.621974
5.546370
4.313843
-0.154066
4.621974
-1.694724
-1.386592
5.392303
1.694724
1.386592
1.540658
1.078461
1.232527
1.848790
2.156921
-0.462197
0.462197
0.000000
-2.156921
-1.694724
0.308132
0.770329
0.000000
1.232527
-0.770329
-3.081316
-0.462197
-1.232527
0.462197
0.616263
1.848790
0.924395
-1.078461
-0.924395
0.000000
0.000000
0.924395
-0.462197
-3.235382
-2.773185
-2.773185
0.000000
-0.308132
1.232527
0.154066
-2.156921
-2.465053
-0.924395
0.000000
0.308132
0.770329
0.924395
-0.462197
-0.770329
-0.924395
-0.462197
0.924395
0.616263
1.232527
1.232527
1.540658
1.540658
1.232527
0.770329
2.310987
2.310987
1.848790
2.002856
2.002856
1.386592
3.081316
2.465053
3.081316
-0.770329
-0.154066
1.078461
1.232527
4.159777
2.156921
-0.462197
-5.546370
-0.770329
-2.773185
-2.773185
4.005711
3.389448
2.619119
0.000000
-0.462197
0.770329
-0.154066
3.081316
3.697580
3.543514
-0.924395
1.540658
-1.540658
0.770329
4.621974
2.310987
4.467909
1.848790
3.543514
2.773185
2.465053
3.543514
4.776041
1.232527
1.078461
0.000000
-0.154066
1.386592
4.159777
-0.462197
-0.154066
-0.924395
2.465053
1.694724
0.000000
2.465053
-0.308132
0.154066
-0.770329
0.308132
-2.619119
-1.386592
1.232527
-0.770329
-1.078461
-3.235382
-3.543514
-2.927251
0.462197
0.000000
0.154066
0.308132
0.462197
2.156921
0.770329
2.619119
0.308132
0.616263
-2.156921
-0.308132
0.000000
-4.621974
-3.697580
0.924395
2.619119
-0.770329
-0.616263
-3.389448
-1.540658
-1.386592
4.005711
9.243949
1.540658
2.465053
1.078461
1.078461
2.619119
6.932962
1.540658
-0.462197
1.232527
-1.694724
-2.773185
0.154066
0.462197
2.465053
-2.619119
2.002856
2.310987
-0.770329
0.462197
-0.308132
2.619119
-1.078461
5.854501
1.078461
2.465053
4.621974
-0.616263
1.848790
2.465053
4.467909
5.084172
4.930106
2.310987
0.924395
2.465053
-0.616263
2.002856
3.235382
2.310987
0.308132
1.540658
4.467909
-2.310987
-0.154066
0.924395
-2.002856
-2.773185
0.770329
-1.386592
-0.308132
-0.616263
-1.694724
-1.386592
-0.616263
-1.848790
-0.924395
-2.310987
-1.848790
0.462197
0.308132
-1.078461
-0.616263
-2.156921
-3.389448
-0.462197
-2.156921
-0.308132
-1.386592
-2.773185
-2.310987
-2.773185
-4.467909
-5.854501
-2.465053
-3.081316
-1.078461
-2.927251
-1.232527
-2.927251
0.154066
-0.154066
1.694724
-0.308132
-0.924395
1.848790
0.924395
4.005711
3.389448
3.543514
-0.462197
-2.927251
-0.308132
0.616263
1.540658
2.773185
1.694724
-1.232527
-13.095594
-0.924395
-2.619119
0.000000
-0.770329
-2.465053
-8.319554
-2.002856
0.770329
-0.308132
-2.927251
-2.927251
0.154066
-0.462197
-4.313843
-1.694724
-2.927251
0.000000
-3.851645
-1.078461
-3.389448
-4.621974
-3.697580
0.000000
1.078461
-1.694724
-1.540658
-3.389448
-5.700435
-3.697580
-2.619119
-0.924395
0.154066
-1.386592
-3.851645
-3.389448
-1.232527
0.000000
-3.235382
1.694724
-1.848790
-2.927251
-5.546370
0.000000
-0.616263
-1.848790
-0.154066
0.154066
-1.694724
-1.694724
-0.154066
-0.462197
-0.308132
-0.308132
-0.308132
-0.462197
-1.848790
-2.002856
0.308132
-1.232527
-1.078461
-0.154066
-1.694724
-2.156921
0.462197
5.546370
1.540658
0.462197
3.543514
-3.697580
-1.694724
4.621974
8.165488
-2.156921
0.154066
9.706146
-0.308132
-2.619119
4.621974
3.235382
-2.927251
-0.462197
8.935818
-0.308132
-2.927251
0.308132
3.851645
7.857357
3.235382
4.159777
-2.002856
-1.540658
-1.694724
1.540658
2.156921
5.392303
1.694724
-0.770329
2.310987
0.462197
1.078461
-0.154066
0.000000
0.770329
1.078461
0.770329
-2.156921
-2.156921
-2.156921
-2.156921
-1.848790
-1.540658
1.386592
0.462197
0.308132
-4.159777
-3.697580
-1.078461
-2.156921
1.540658
2.002856
3.389448
-0.462197
-0.924395
1.848790
-1.078461
2.002856
-0.924395
-1.540658
0.154066
1.540658
2.002856
-0.924395
1.848790
0.770329
3.081316
-0.154066
3.851645
3.389448
-0.924395
1.386592
-1.232527
0.924395
-1.078461
1.386592
1.232527
0.308132
2.773185
-1.078461
-1.386592
-1.694724
-1.232527
-1.232527
-0.154066
-0.462197
-2.002856
-3.543514
-5.700435
-4.621974
-3.081316
-2.465053
0.924395
-2.310987
-8.011422
-5.238238
-5.084172
-4.005711
-1.078461
0.770329
-3.235382
-7.703291
-5.084172
-7.087028
-5.700435
-2.310987
0.462197
-4.621974
-3.081316
-4.467909
-5.392303
-7.703291
-3.081316
0.770329
-2.002856
1.232527
-4.313843
-1.078461
-4.005711
-1.540658
0.308132
-2.773185
-4.313843
-5.700435
-5.546370
-3.235382
-2.619119
6.470764
0.462197
1.386592
0.770329
0.770329
1.540658
3.851645
-1.078461
-1.386592
-1.540658
2.002856
1.848790
-2.310987
0.000000
-1.386592
-0.924395
-0.154066
4.005711
4.776041
-2.002856
0.000000
-1.078461
-2.927251
-5.084172
2.927251
2.156921
-7.857357
-3.235382
0.154066
-0.462197
-3.543514
0.154066
-3.851645
-2.927251
-2.002856
-0.462197
-0.154066
-4.313843
1.540658
-4.467909
-2.773185
-0.308132
3.697580
2.002856
0.616263
2.310987
0.770329
0.308132
2.619119
0.770329
-0.616263
-0.462197
0.154066
0.154066
-0.616263
-0.462197
-0.462197
-0.924395
-1.386592
-3.851645
-3.851645
-1.386592
-1.078461
0.462197
-2.002856
-4.930106
-7.087028
-9.089883
-2.773185
1.078461
0.770329
-3.235382
-5.084172
-2.156921
-6.932962
-5.700435
1.694724
0.770329
-1.848790
-3.543514
-3.697580
-8.165488
-3.389448
2.310987
0.154066
-0.462197
-2.310987
-1.540658
-4.776041
-2.310987
0.924395
0.308132
1.232527
2.465053
0.462197
0.924395
0.770329
-0.924395
-0.924395
-1.078461
-0.924395
-1.848790
-2.310987
-1.078461
-0.924395
-1.232527
-2.310987
-1.540658
2.773185
3.081316
-1.078461
-1.386592
-2.156921
0.000000
0.308132
4.159777
4.005711
-0.616263
-0.770329
-1.540658
3.851645
8.935818
7.857357
7.395159
10.938673
2.465053
-0.924395
2.927251
10.014278
9.860212
6.932962
6.932962
0.000000
-2.002856
1.694724
4.467909
7.395159
6.778896
1.694724
-1.848790
-1.232527
-0.462197
0.308132
0.308132
0.616263
-1.232527
-1.540658
-0.462197
-0.462197
-0.924395
-2.002856
-2.002856
-1.232527
0.154066
-0.154066
-0.616263
-2.156921
-3.543514
-3.081316
-1.694724
-0.462197
-2.002856
0.462197
-0.154066
-8.319554
-7.703291
-3.697580
-2.619119
-2.619119
1.386592
4.159777
-3.389448
-2.156921
3.389448
-1.078461
-1.694724
-4.313843
-4.621974
-3.851645
-3.697580
-3.851645
-3.081316
-2.156921
-3.851645
-4.930106
-5.546370
-2.465053
-4.776041
-2.619119
-0.770329
-2.002856
-3.235382
-6.316699
-3.081316
-3.389448
-2.156921
-1.386592
-1.694724
-0.924395
-0.770329
-0.616263
-0.924395
-1.694724
-0.924395
-4.313843
-2.927251
-3.235382
-3.081316
-2.310987
-1.232527
-0.770329
-4.467909
-2.465053
1.232527
0.000000
-2.002856
-1.232527
-0.308132
-2.465053
-3.389448
0.462197
0.924395
-4.621974
-1.540658
-1.540658
-3.235382
-2.465053
1.386592
-0.924395
-3.851645
-2.619119
-0.924395
-4.159777
-3.851645
2.773185
-2.310987
-6.470764
-2.619119
1.386592
-0.924395
-2.002856
-0.924395
-0.924395
-1.232527
0.308132
7.087028
2.619119
6.008567
4.776041
4.930106
5.084172
4.467909
0.770329
-5.084172
-1.232527
-4.313843
-3.851645
-1.078461
-1.848790
2.465053
-5.700435
-0.770329
-5.546370
0.462197
-0.924395
-4.159777
0.924395
-6.008567
-5.084172
-1.540658
2.619119
2.156921
-3.235382
1.694724
-4.313843
-0.924395
1.694724
0.154066
-0.924395
-3.851645
2.927251
-4.776041
-4.159777
-2.002856
-2.002856
-1.078461
-1.232527
3.543514
-6.316699
-3.389448
-1.540658
-2.002856
-2.773185
-2.465053
-3.543514
-4.159777
-2.619119
-2.156921
-2.156921
-3.389448
-4.467909
-3.389448
-4.467909
-2.927251
-4.467909
-5.238238
-3.697580
-5.238238
-2.773185
-4.467909
-2.773185
-1.232527
-2.927251
-2.156921
-2.927251
-2.310987
-3.697580
-1.232527
4.005711
1.386592
-5.854501
-5.238238
-2.310987
-1.232527
0.770329
3.081316
1.694724
-2.156921
-2.002856
-3.235382
-4.005711
-2.619119
1.078461
-4.005711
-5.392303
-1.848790
-3.543514
-2.156921
-1.848790
0.924395
-2.773185
-3.081316
-3.235382
-2.002856
-1.386592
-0.308132
-0.770329
-0.770329
-1.232527
-1.694724
-0.154066
2.773185
3.081316
-3.389448
-4.005711
0.000000
-0.616263
2.310987
4.005711
1.540658
-4.467909
-5.084172
0.308132
3.081316
0.770329
0.154066
-0.462197
-5.084172
-7.395159
-4.313843
-2.002856
-0.154066
0.154066
-4.159777
-6.624830
-6.778896
-7.087028
-1.848790
0.616263
3.235382
0.616263
-1.540658
-4.930106
-2.310987
-0.616263
1.848790
4.159777
2.619119
2.927251
-3.081316
-1.848790
2.002856
0.924395
0.924395
1.232527
1.078461
1.078461
0.924395
0.308132
0.154066
0.616263
0.770329
2.927251
2.310987
0.154066
0.616263
0.000000
0.924395
-1.848790
3.543514
1.540658
-1.078461
0.770329
0.000000
-0.308132
1.540658
4.776041
5.700435
1.694724
-0.308132
0.616263
-0.462197
4.159777
6.778896
4.930106
-0.616263
0.308132
1.078461
-0.616263
4.159777
3.081316
2.773185
-1.232527
0.770329
0.000000
0.154066
1.540658
0.616263
0.308132
0.616263
-0.308132
-5.700435
-1.232527
-3.235382
-1.232527
-1.540658
-3.543514
-5.238238
-1.232527
-0.308132
-0.924395
-3.081316
-3.081316
-2.927251
-2.156921
-2.927251
-1.386592
-5.392303
-9.398015
-11.863068
-6.932962
-1.078461
-3.697580
-4.313843
-3.543514
-1.386592
-5.238238
-9.089883
-2.619119
-3.389448
-4.005711
-3.235382
-0.462197
-4.005711
-9.243949
-2.773185
-2.773185
-2.773185
-1.232527
-5.392303
-5.238238
-7.241094
-2.619119
-4.776041
-1.232527
-0.154066
-1.848790
-0.616263
-1.078461
-4.005711
2.002856
0.770329
0.770329
0.462197
0.616263
1.232527
0.462197
1.078461
-1.386592
-2.310987
-1.848790
-1.386592
-1.232527
-1.232527
1.232527
-3.235382
-4.621974
-13.711858
-8.011422
-1.694724
-1.078461
1.232527
-6.162633
-13.711858
-12.171200
-11.554936
-10.476476
-4.159777
1.540658
-2.310987
-8.165488
-13.711858
-10.168344
-6.778896
-0.924395
2.619119
-1.694724
-7.703291
-11.092739
-3.081316
-0.616263
0.000000
1.848790
-2.310987
-3.081316
-3.081316
-2.465053
-1.232527
-0.154066
-4.467909
-0.616263
0.770329
3.081316
2.927251
0.154066
-3.697580
0.154066
-3.697580
-1.232527
-4.313843
-2.927251
-1.386592
-3.851645
3.543514
-1.694724
-0.462197
-1.078461
-1.386592
-2.465053
-0.770329
2.465053
-0.616263
-4.005711
-0.770329
-2.773185
-0.616263
-0.616263
0.616263
-3.851645
-5.700435
-6.470764
-7.241094
-4.159777
-1.694724
1.540658
-4.005711
-0.154066
-0.462197
-1.540658
-2.002856
-1.078461
-1.078461
-2.927251
-1.386592
-0.462197
-0.616263
-0.770329
-4.467909
6.008567
0.000000
-0.924395
-2.773185
-2.465053
-0.770329
3.389448
-3.389448
-5.546370
-4.776041
-6.778896
-7.241094
-4.467909
-2.619119
-2.310987
-5.700435
-3.235382
-2.156921
-3.851645
-3.389448
-2.619119
-1.078461
-5.238238
-1.694724
4.005711
-0.924395
-7.395159
-2.927251
0.000000
1.078461
-0.154066
3.697580
-3.543514
-1.232527
0.000000
-1.694724
-1.386592
-5.700435
6.932962
-2.927251
-2.002856
0.462197
-2.927251
-4.776041
-3.851645
-1.386592
-3.697580
-4.776041
-3.697580
1.232527
2.465053
2.156921
1.386592
2.156921
3.235382
2.619119
-0.308132
0.924395
0.000000
-1.078461
0.462197
1.386592
0.924395
0.770329
-0.616263
-2.465053
-1.078461
-1.694724
1.848790
2.619119
0.616263
-3.543514
-10.014278
-3.389448
-3.697580
-4.930106
0.308132
1.694724
0.770329
-1.232527
-3.697580
-0.462197
0.308132
2.002856
1.078461
1.386592
1.078461
-2.002856
1.540658
3.389448
2.927251
2.156921
2.156921
-0.154066
3.235382
0.770329
1.232527
2.465053
-1.694724
-2.002856
-1.540658
-1.848790
-1.848790
-1.694724
-2.619119
-2.465053
-2.465053
-1.232527
-3.389448
-3.697580
-2.002856
-3.389448
-2.002856
-5.546370
0.000000
-2.465053
-2.002856
-1.386592
-3.235382
-1.386592
-5.084172
0.154066
-1.848790
-2.619119
-1.232527
-3.543514
-1.386592
-1.540658
-2.156921
-0.770329
-2.156921
-0.924395
-1.848790
-1.386592
-2.002856
-5.700435
-1.078461
-1.694724
-2.619119
-2.002856
-1.694724
-1.848790
-2.310987
-1.540658
-2.465053
-2.773185
-2.927251
10.476476
4.005711
6.316699
2.773185
3.543514
6.162633
5.546370
2.465053
0.462197
2.773185
5.084172
4.776041
4.159777
1.386592
3.235382
-1.540658
3.543514
3.235382
5.084172
4.313843
0.462197
2.156921
-1.386592
-0.308132
-6.162633
-5.084172
-3.235382
-2.619119
4.005711
3.389448
5.238238
-2.773185
2.465053
2.927251
0.924395
5.392303
3.389448
4.621974
0.924395
7.087028
6.162633
3.389448
4.005711
-0.770329
0.154066
2.002856
0.154066
0.462197
-1.694724
-6.932962
1.848790
-2.310987
1.540658
1.540658
-1.386592
-5.546370
1.848790
7.857357
9.089883
4.621974
5.084172
6.932962
2.465053
1.078461
8.165488
5.546370
-1.386592
-0.924395
5.700435
2.927251
3.081316
6.932962
1.540658
-5.238238
-5.700435
3.543514
2.002856
0.770329
7.857357
3.697580
-2.619119
1.694724
5.700435
3.235382
0.924395
7.549225
6.316699
3.235382
2.156921
4.005711
1.078461
-5.392303
6.162633
4.930106
1.848790
3.697580
4.776041
-6.778896
1.540658
2.773185
2.773185
1.386592
0.616263
2.310987
3.235382
3.235382
-0.462197
-0.154066
-2.927251
-4.005711
-0.924395
2.619119
2.002856
-3.543514
2.156921
-1.232527
-0.462197
-2.927251
-1.848790
1.232527
-2.465053
0.000000
3.543514
3.697580
-0.308132
-1.078461
0.308132
-3.389448
-4.621974
-1.540658
-3.851645
-4.313843
-3.543514
1.694724
-1.848790
0.770329
-1.232527
-6.162633
-4.467909
-0.924395
2.927251
-2.310987
-3.389448
-3.851645
-2.465053
-2.465053
1.540658
-1.848790
-0.924395
0.154066
0.308132
0.462197
0.308132
-0.924395
-3.081316
0.308132
-1.232527
-6.008567
-4.621974
-0.770329
-1.848790
-1.848790
-0.770329
-4.621974
-6.162633
-5.238238
-2.619119
-1.848790
-1.848790
0.770329
-0.308132
-1.386592
0.308132
0.770329
1.386592
-2.927251
-2.773185
-0.308132
2.927251
2.156921
-3.081316
-1.848790
-2.310987
0.462197
-0.154066
-0.308132
3.389448
-0.462197
-1.540658
-1.078461
0.616263
-0.462197
-3.543514
-0.924395
-0.924395
-2.310987
0.308132
1.232527
0.154066
0.462197
0.462197
0.462197
-0.154066
0.616263
1.540658
0.616263
-2.465053
-2.310987
0.462197
1.694724
0.308132
1.386592
-1.386592
-6.470764
-5.238238
-0.924395
0.924395
0.308132
-0.462197
-3.389448
-3.235382
-2.465053
-7.087028
-1.386592
-0.154066
-0.154066
-5.854501
-4.776041
-4.930106
-4.621974
0.308132
-0.154066
1.078461
-6.932962
-5.392303
-3.081316
-1.078461
1.232527
-0.308132
2.773185
-0.770329
0.616263
0.154066
0.616263
1.386592
-10.168344
-2.927251
-7.857357
-5.392303
-7.087028
-7.857357
-5.546370
-4.005711
-0.462197
-2.156921
4.159777
2.773185
-4.313843
-1.078461
-6.470764
0.462197
1.540658
9.089883
7.241094
-5.546370
-2.465053
-2.619119
6.316699
8.011422
4.930106
3.389448
3.851645
0.770329
-3.389448
0.616263
0.154066
2.619119
1.232527
-2.465053
-0.154066
-4.776041
-1.078461
2.619119
-2.465053
1.386592
-3.543514
-1.232527
-5.392303
1.232527
0.462197
1.232527
-2.619119
-5.392303
2.156921
1.694724
-1.078461
0.154066
1.078461
2.156921
1.232527
-1.848790
-1.078461
-5.700435
-3.235382
-3.851645
-1.540658
0.616263
-0.770329
-2.465053
-5.084172
-3.543514
-0.462197
2.310987
0.154066
-0.770329
-1.078461
-4.930106
-4.467909
-1.078461
0.462197
5.700435
0.462197
-0.308132
-6.624830
-9.398015
-6.316699
-4.621974
0.462197
-0.770329
-0.770329
-6.470764
-9.706146
-4.621974
-6.316699
-1.540658
0.154066
0.616263
-2.619119
-3.081316
-0.154066
-1.078461
1.232527
-0.924395
-1.386592
2.773185
1.540658
0.462197
0.154066
0.924395
2.465053
1.386592
1.848790
-1.078461
-0.770329
-1.694724
-2.156921
3.851645
0.154066
-1.078461
-3.697580
-0.462197
-1.078461
-7.241094
-2.773185
-0.308132
3.389448
-1.848790
-10.014278
-9.552081
-1.232527
-0.154066
0.462197
-1.848790
0.462197
-3.543514
-3.697580
0.000000
-0.770329
0.924395
-0.616263
6.932962
0.924395
2.927251
1.078461
0.462197
-0.462197
-2.619119
0.000000
-3.851645
-0.616263
-2.310987
0.308132
4.776041
-2.773185
-1.386592
-1.848790
-1.848790
-1.232527
-1.078461
-2.310987
-1.694724
-1.232527
8.319554
7.395159
-1.694724
-2.773185
-3.851645
2.773185
0.616263
9.706146
10.938673
-1.848790
-1.694724
-5.238238
2.619119
6.008567
2.310987
4.159777
3.851645
0.924395
-5.546370
-8.319554
-3.081316
-4.005711
-1.386592
-6.008567
-4.467909
-5.392303
-6.162633
5.546370
0.308132
3.235382
-3.235382
-7.549225
-0.462197
-4.313843
-2.156921
-4.467909
-1.078461
-0.924395
-3.851645
7.087028
1.848790
2.156921
1.694724
1.694724
1.848790
4.930106
1.386592
-0.462197
0.308132
-2.002856
-2.156921
0.462197
1.232527
0.924395
1.540658
3.235382
6.470764
3.851645
3.081316
0.000000
0.462197
4.313843
3.851645
-1.386592
-3.543514
4.005711
0.616263
1.694724
3.697580
0.924395
-4.467909
-7.087028
2.310987
0.770329
2.773185
1.078461
2.465053
2.156921
-1.694724
0.462197
1.078461
5.238238
0.616263
2.773185
2.310987
2.156921
0.770329
2.927251
7.241094
2.002856
3.081316
3.235382
3.235382
2.927251
2.156921
-0.154066
-1.848790
-1.540658
-1.386592
-1.694724
-2.310987
-1.694724
0.770329
-1.694724
2.465053
0.308132
0.154066
-2.465053
-3.543514
0.770329
-0.308132
1.078461
-1.232527
-7.549225
-2.927251
-2.310987
1.078461
2.310987
1.694724
-1.232527
-3.851645
4.467909
-0.924395
0.924395
-0.770329
0.000000
1.078461
-0.770329
0.924395
-2.465053
2.619119
-4.776041
-4.313843
-1.232527
-1.848790
-3.851645
-3.697580
-0.462197
-1.694724
-1.232527
-0.770329
-1.540658
-2.619119
-2.619119
-2.773185
-2.773185
-2.156921
-0.154066
-0.770329
-4.159777
-3.235382
-2.619119
1.232527
-5.546370
-2.310987
-2.002856
-6.470764
-3.235382
-0.924395
6.008567
4.005711
1.232527
-0.154066
-1.848790
-0.154066
-0.308132
2.619119
3.697580
1.540658
-1.078461
-1.078461
-0.462197
-1.078461
2.310987
2.156921
3.389448
-2.002856
-2.619119
-0.616263
-2.927251
3.389448
3.543514
5.238238
2.927251
1.386592
-2.619119
7.857357
0.924395
1.386592
-0.308132
0.154066
2.156921
5.084172
0.000000
-2.156921
0.308132
-1.232527
0.154066
1.694724
0.462197
-1.232527
-4.467909
-1.540658
-3.081316
-4.005711
1.232527
0.462197
-1.078461
-8.165488
-12.633397
-2.156921
0.154066
-9.552081
-3.851645
0.308132
-2.773185
-6.316699
-5.392303
-6.932962
-5.084172
-0.924395
0.308132
-5.546370
-15.560648
-8.011422
-8.165488
-6.470764
-0.462197
2.310987
0.308132
-3.235382
-0.308132
-1.848790
-1.694724
-0.154066
-2.310987
-0.616263
-1.232527
-1.540658
-1.540658
-0.924395
-1.232527
-1.078461
-1.694724
-1.848790
-2.465053
-0.924395
-1.386592
-1.540658
-1.386592
-2.927251
1.694724
-1.848790
2.156921
-0.770329
-3.235382
-1.848790
-0.770329
7.087028
4.776041
6.470764
0.616263
-2.773185
-0.616263
-0.924395
4.467909
5.238238
2.465053
1.078461
-1.386592
0.000000
-0.770329
-2.002856
-0.770329
2.156921
1.078461
-1.540658
-1.232527
-2.156921
-1.694724
-2.310987
-0.924395
-0.924395
-2.465053
-9.860212
1.848790
-2.310987
-1.078461
-1.232527
-1.540658
-2.465053
-0.924395
4.159777
0.770329
1.540658
1.232527
1.078461
1.848790
-3.851645
-0.154066
-1.232527
-0.770329
-0.770329
-0.308132
-0.308132
-3.543514
-2.927251
-7.087028
-7.241094
-4.005711
-1.232527
-1.540658
-5.546370
-1.232527
-2.619119
-1.386592
-1.540658
-2.619119
-2.156921
-5.546370
-1.078461
-1.694724
4.776041
4.930106
-1.232527
-2.773185
-4.930106
0.770329
0.154066
-0.616263
2.619119
-0.770329
2.465053
6.624830
0.616263
1.848790
2.156921
3.389448
2.927251
4.313843
-1.078461
-2.156921
-3.081316
-1.232527
0.924395
1.232527
0.616263
-1.232527
-5.546370
-3.081316
-1.848790
-0.154066
2.927251
2.773185
-0.924395
-6.316699
-3.697580
0.616263
4.776041
0.154066
-0.616263
0.462197
-2.002856
-4.159777
-5.546370
-3.389448
3.851645
1.078461
-0.308132
-4.930106
-7.703291
-2.002856
-3.543514
0.308132
1.386592
0.462197
-0.154066
1.540658
0.308132
1.078461
2.156921
0.308132
-2.773185
0.000000
0.462197
2.310987
2.156921
0.154066
-2.002856
-1.540658
1.232527
1.848790
2.002856
0.154066
-1.386592
-3.543514
1.078461
1.540658
1.540658
0.154066
-1.540658
0.154066
-2.773185
1.078461
0.000000
-5.546370
-6.008567
-5.546370
-0.924395
-2.002856
-1.386592
3.389448
2.773185
-4.621974
-5.700435
1.386592
-1.540658
-1.232527
3.389448
2.310987
3.697580
-1.694724
-0.770329
-3.235382
-1.694724
2.156921
3.081316
1.078461
-0.462197
-0.154066
-4.621974
-4.467909
-0.616263
-1.540658
-1.232527
-1.232527
-1.848790
-2.465053
-1.078461
2.002856
2.310987
7.703291
6.778896
1.078461
0.000000
-1.078461
4.005711
0.770329
6.470764
4.776041
0.308132
1.078461
-1.848790
2.927251
-4.467909
-6.008567
-6.162633
-1.232527
2.310987
-2.619119
-1.540658
-5.700435
-8.319554
-8.781752
-5.238238
0.154066
-1.694724
3.851645
-0.924395
-5.238238
-7.087028
-2.002856
0.000000
-2.002856
2.156921
1.848790
-0.308132
-1.232527
0.154066
-0.770329
5.238238
2.002856
1.540658
0.308132
0.000000
1.540658
2.310987
1.078461
0.308132
-0.154066
0.000000
-0.154066
-1.078461
0.770329
-0.924395
3.081316
-2.465053
2.156921
-0.770329
-3.697580
0.154066
0.000000
4.467909
2.310987
2.156921
2.002856
2.156921
2.465053
1.232527
0.616263
0.154066
4.467909
1.386592
-0.308132
0.154066
1.694724
4.776041
7.703291
2.310987
4.621974
1.694724
0.000000
0.616263
2.619119
0.616263
-1.540658
0.616263
1.232527
0.000000
-1.694724
0.154066
0.924395
1.232527
1.232527
0.462197
-0.770329
-0.462197
1.386592
0.924395
-1.386592
-2.002856
0.462197
-0.154066
0.154066
-1.078461
-1.694724
-5.392303
-3.235382
-0.924395
0.924395
0.616263
-0.770329
0.924395
7.241094
6.008567
-3.851645
-1.540658
0.924395
0.462197
2.927251
11.554936
5.546370
-1.386592
0.924395
0.308132
-1.232527
-2.619119
1.078461
-0.616263
-1.232527
1.386592
0.308132
0.462197
0.616263
1.078461
0.616263
1.386592
1.078461
-2.156921
0.616263
-1.694724
-1.386592
-1.078461
-0.462197
0.308132
0.154066
0.308132
-0.616263
-0.308132
-1.078461
0.462197
0.616263
-1.232527
-4.313843
-1.232527
0.462197
1.386592
0.308132
-3.235382
-1.386592
-3.389448
-2.773185
-0.462197
1.694724
-1.540658
-2.927251
-1.540658
0.616263
6.008567
7.549225
5.392303
0.770329
-2.156921
-0.154066
0.000000
6.624830
6.008567
8.165488
1.848790
0.000000
-2.310987
-0.616263
-0.616263
0.462197
-0.462197
-0.308132
-0.616263
1.386592
-0.308132
1.540658
2.619119
3.081316
0.924395
0.154066
0.154066
-0.770329
0.616263
-5.084172
-4.621974
1.386592
0.462197
0.000000
-4.159777
-2.002856
-0.308132
-0.770329
1.540658
0.770329
0.000000
-5.084172
2.465053
7.087028
8.165488
-3.697580
-3.543514
1.232527
-2.927251
2.310987
9.243949
8.165488
-1.848790
-1.078461
0.616263
-3.697580
-1.540658
-1.386592
-2.156921
-4.313843
1.232527
3.389448
1.540658
0.154066
-0.154066
-2.002856
1.078461
5.392303
-6.008567
-0.154066
-2.002856
-1.848790
-1.540658
-0.770329
-4.621974
1.232527
2.002856
1.540658
0.616263
2.465053
2.619119
0.000000
-1.078461
2.927251
0.154066
-4.313843
-2.773185
0.154066
-1.386592
-1.386592
5.546370
2.619119
-2.310987
-4.930106
1.232527
-0.154066
-1.694724
3.389448
-2.002856
-1.694724
-4.930106
1.540658
-0.308132
-2.156921
0.154066
-5.084172
-7.857357
-8.011422
-0.308132
-2.310987
-4.159777
-0.770329
-1.540658
-1.848790
-1.386592
0.308132
-4.467909
0.924395
0.000000
-0.462197
-1.386592
-1.386592
-0.924395
0.616263
-1.078461
-1.694724
-0.924395
2.927251
2.156921
-2.465053
-1.078461
-3.081316
0.770329
0.616263
6.624830
5.700435
-2.002856
-2.310987
-4.005711
3.851645
0.924395
0.616263
2.002856
3.235382
1.694724
-2.773185
-2.310987
3.543514
0.770329
2.619119
3.235382
-1.386592
-2.156921
0.000000
2.002856
2.773185
0.154066
0.308132
-2.002856
-1.386592
0.154066
1.232527
2.002856
2.002856
0.462197
1.232527
-0.924395
-2.156921
-1.694724
-1.848790
-1.848790
-1.540658
-1.848790
-2.002856
-1.694724
-1.694724
-0.924395
-1.386592
-0.616263
-2.002856
-2.002856
1.848790
-0.154066
6.932962
2.002856
-2.002856
-0.770329
-1.386592
5.084172
3.543514
0.000000
-2.002856
6.162633
1.232527
-0.924395
-1.232527
3.697580
1.078461
2.465053
2.002856
-0.924395
-1.540658
-1.386592
7.395159
1.078461
4.467909
1.232527
-0.770329
-1.232527
-0.924395
-0.308132
-2.619119
-0.154066
-0.462197
0.924395
7.549225
4.930106
4.159777
5.084172
4.930106
4.467909
4.930106
0.770329
1.540658
2.465053
7.395159
6.470764
0.308132
-1.078461
-3.235382
-1.540658
1.078461
13.557792
5.546370
1.386592
-2.156921
-6.470764
-7.703291
-5.238238
11.400870
1.232527
-9.243949
-8.165488
-3.543514
-7.087028
-1.694724
11.554936
3.081316
-5.392303
-5.854501
-1.232527
-5.084172
4.159777
10.322410
4.467909
-2.773185
-4.005711
6.316699
2.773185
8.319554
8.935818
8.627686
4.930106
3.235382
1.232527
-1.540658
-3.081316
-2.619119
-1.232527
-0.462197
1.232527
-1.386592
-5.084172
-8.627686
-3.081316
-1.386592
-2.773185
1.078461
-4.159777
-7.703291
-10.476476
-1.386592
-0.616263
-1.078461
1.078461
-6.470764
-5.238238
-3.697580
-7.703291
-0.770329
6.162633
1.694724
-4.621974
-7.241094
-0.462197
-1.848790
6.932962
4.159777
1.078461
-2.619119
-5.392303
4.005711
4.776041
12.633397
4.776041
0.770329
1.232527
-5.084172
-1.540658
-2.927251
0.770329
-1.386592
2.002856
-0.770329
-1.848790
-1.848790
-2.310987
-2.002856
-1.386592
-2.002856
-1.694724
-2.619119
-2.002856
-4.776041
-4.159777
-2.002856
-2.310987
-0.616263
-2.927251
-1.386592
-4.005711
-3.543514
-0.770329
-1.232527
0.154066
-4.313843
-4.159777
-2.465053
-3.235382
-6.316699
-2.465053
-0.154066
-0.616263
-0.770329
-1.848790
-1.694724
-0.770329
-0.924395
-0.462197
-2.619119
-4.930106
-3.851645
-6.008567
-2.773185
-1.386592
-2.002856
-2.773185
-3.697580
-2.619119
-4.159777
-3.081316
-2.002856
2.927251
0.462197
1.848790
1.078461
1.078461
1.232527
1.540658
-0.462197
3.543514
4.467909
2.927251
3.081316
3.389448
0.308132
1.078461
0.770329
-0.924395
2.927251
1.540658
0.924395
2.773185
1.232527
-1.386592
-4.313843
2.465053
0.462197
-7.241094
-1.386592
0.770329
0.770329
0.000000
-0.616263
-3.697580
-4.313843
0.770329
0.308132
-0.924395
-4.005711
0.462197
-2.927251
-5.238238
-1.078461
0.000000
-1.232527
-0.616263
-0.154066
-2.156921
-2.002856
0.154066
2.465053
1.694724
0.924395
0.154066
0.154066
1.232527
2.002856
2.927251
-0.924395
-1.078461
2.310987
1.078461
-0.154066
1.386592
1.386592
-4.313843
-1.078461
9.706146
4.621974
-1.386592
0.770329
0.616263
-1.694724
3.697580
8.781752
5.392303
-1.848790
1.540658
2.927251
0.308132
4.621974
7.395159
4.467909
1.848790
2.465053
3.081316
-2.156921
2.002856
1.078461
0.000000
-1.232527
1.386592
2.156921
-1.540658
0.462197
0.154066
-1.540658
-1.848790
1.386592
1.694724
1.078461
3.235382
3.543514
3.389448
2.619119
1.848790
2.465053
0.000000
3.389448
-1.694724
-1.386592
0.616263
1.694724
2.465053
0.616263
3.697580
-4.776041
-2.927251
3.389448
-2.927251
1.694724
-1.386592
-2.619119
-2.156921
1.694724
-2.927251
-4.930106
2.156921
0.924395
-4.776041
-2.465053
-0.308132
-2.310987
-3.235382
1.848790
-1.694724
-6.624830
1.694724
-4.467909
-3.389448
0.000000
2.619119
-0.616263
-1.078461
0.616263
-0.616263
-0.462197
2.619119
0.616263
-0.154066
0.308132
0.770329
1.078461
0.154066
-1.232527
1.078461
0.770329
1.694724
-0.308132
0.616263
2.156921
0.308132
0.616263
-0.154066
0.770329
-8.319554
-5.238238
2.156921
0.924395
0.308132
-3.543514
-1.386592
-3.543514
-2.002856
0.924395
-2.465053
0.924395
-0.154066
1.232527
-1.386592
1.386592
0.770329
-1.078461
0.462197
-2.619119
-7.087028
-6.624830
-2.773185
-2.310987
-0.462197
-0.616263
-2.465053
-3.389448
-4.005711
-4.159777
-2.773185
0.000000
4.621974
0.308132
0.308132
0.000000
-0.308132
0.154066
0.770329
1.386592
-1.386592
-1.540658
0.770329
1.078461
-1.694724
-1.694724
1.078461
1.078461
0.154066
-2.619119
-0.616263
-2.156921
-1.232527
0.616263
0.770329
3.851645
3.543514
4.621974
2.773185
0.154066
1.232527
-2.310987
0.000000
1.386592
4.776041
-2.773185
-1.694724
0.000000
-1.540658
-0.154066
-2.927251
2.465053
-0.308132
-2.156921
1.540658
-1.694724
-0.770329
-2.002856
1.540658
0.924395
-1.386592
1.540658
-0.154066
0.462197
0.154066
0.000000
0.616263
0.770329
-2.156921
-1.848790
-0.154066
-3.235382
-2.619119
-0.462197
-1.232527
-0.770329
-1.848790
0.770329
0.770329
1.694724
0.154066
1.386592
-0.924395
-1.386592
1.848790
-2.465053
-2.156921
-1.694724
-1.694724
0.924395
1.078461
0.770329
3.697580
4.621974
4.005711
3.389448
-0.462197
-2.773185
-6.008567
5.854501
-0.462197
-1.078461
1.078461
-0.154066
1.078461
3.235382
6.624830
4.159777
2.927251
0.924395
-10.784607
-2.002856
-5.392303
-4.313843
-4.776041
-5.546370
-6.316699
-2.465053
0.616263
0.308132
0.154066
-0.616263
-2.156921
-1.848790
-2.310987
-0.462197
4.159777
1.540658
1.386592
0.154066
-2.619119
-2.619119
1.694724
6.932962
2.619119
0.770329
-2.773185
-3.389448
-3.543514
5.084172
6.162633
6.162633
2.927251
-0.154066
-1.386592
-1.540658
4.776041
4.313843
4.621974
8.627686
1.694724
-2.310987
-2.465053
3.389448
3.081316
3.389448
4.776041
1.694724
0.000000
1.386592
0.462197
0.308132
1.540658
1.232527
0.154066
0.924395
0.616263
-0.308132
-0.616263
-4.313843
-3.389448
-0.462197
-0.308132
0.770329
-3.235382
-2.619119
0.000000
-1.232527
0.462197
1.694724
1.078461
-3.543514
-1.848790
2.773185
3.543514
-2.465053
-1.386592
0.462197
0.462197
-0.154066
-0.462197
2.773185
1.078461
0.462197
0.308132
-0.770329
-2.310987
2.927251
1.078461
-0.770329
0.462197
0.770329
-0.462197
-1.694724
0.616263
-1.848790
-2.619119
1.232527
6.470764
2.465053
2.310987
2.619119
2.619119
2.619119
3.389448
0.924395
-0.462197
-0.308132
2.927251
4.005711
0.000000
1.232527
0.924395
1.848790
-0.924395
-2.310987
-3.543514
-1.694724
1.540658
1.540658
2.773185
2.156921
-7.549225
-4.930106
6.162633
2.619119
1.386592
0.616263
2.002856
-0.154066
-0.154066
6.778896
0.462197
0.462197
-0.154066
6.008567
4.467909
2.927251
1.078461
-0.616263
2.773185
0.000000
1.540658
-1.078461
0.462197
0.308132
1.694724
-0.616263
-1.694724
-0.308132
0.308132
0.000000
-1.232527
0.462197
-2.619119
-1.848790
1.386592
2.927251
3.389448
-0.308132
-0.462197
0.308132
3.081316
0.924395
3.235382
2.927251
0.462197
-0.616263
0.770329
3.851645
6.932962
1.848790
0.308132
1.386592
0.770329
-0.154066
-0.616263
2.002856
3.081316
2.002856
1.540658
0.154066
0.000000
-1.078461
-3.851645
-1.386592
-1.386592
-1.386592
0.462197
2.619119
2.156921
0.770329
-0.770329
1.694724
1.386592
3.543514
-0.462197
-1.694724
-2.619119
-2.310987
-2.773185
-2.310987
-0.924395
-0.462197
-0.308132
-0.462197
4.159777
3.543514
-0.616263
-0.462197
-0.616263
0.770329
1.540658
3.543514
5.238238
0.462197
-1.078461
0.616263
3.235382
6.932962
3.235382
7.395159
4.930106
3.389448
-0.308132
1.078461
7.087028
5.854501
9.552081
3.851645
1.078461
-1.078461
0.308132
2.773185
2.465053
6.470764
1.078461
-1.386592
-1.540658
-2.156921
-1.848790
-2.310987
-2.619119
-2.773185
-2.927251
1.848790
-0.770329
0.616263
-1.694724
-1.540658
0.616263
0.154066
1.540658
-0.308132
-0.154066
-1.540658
-1.694724
0.924395
-0.616263
2.927251
-0.616263
0.770329
2.310987
0.616263
-1.386592
-0.616263
1.540658
0.154066
4.930106
0.770329
3.081316
0.462197
-3.851645
2.156921
-3.235382
-2.465053
-2.465053
-1.694724
-2.156921
-3.697580
2.465053
-1.848790
-4.621974
-4.467909
-0.154066
-1.232527
-2.002856
0.154066
-4.005711
-6.624830
-5.700435
-3.851645
-2.927251
-3.543514
3.543514
-2.156921
-2.619119
-3.851645
-3.697580
-2.465053
0.462197
-2.310987
-3.235382
-3.851645
-1.078461
-0.308132
-2.465053
-1.694724
-4.467909
-1.232527
-3.697580
1.232527
-0.770329
-4.313843
-1.694724
-4.313843
-3.081316
1.232527
2.465053
2.927251
-2.002856
0.616263
-2.156921
-2.465053
1.540658
4.776041
4.930106
-1.232527
0.000000
-4.621974
-0.924395
0.770329
0.000000
1.232527
1.694724
-1.694724
-2.773185
0.616263
4.467909
0.308132
3.389448
2.310987
-0.770329
1.078461
-1.848790
-1.848790
-1.386592
-1.386592
-1.848790
0.924395
-1.078461
-1.540658
-2.310987
-1.232527
-1.386592
-1.694724
-0.924395
-1.078461
-2.619119
-2.002856
-4.159777
-5.700435
-1.694724
-1.540658
-1.540658
-1.386592
-2.927251
-8.473620
-8.627686
-2.156921
-4.467909
-1.694724
-2.156921
-3.851645
-4.313843
-6.470764
-2.465053
-3.389448
-0.616263
-1.540658
1.386592
2.310987
2.465053
0.924395
-1.386592
-0.924395
-1.386592
-1.694724
-0.924395
-0.770329
-1.232527
-1.694724
-3.851645
1.232527
-0.308132
2.465053
2.465053
0.924395
-8.165488
-0.616263
5.238238
6.624830
3.235382
4.005711
6.008567
-2.927251
0.154066
5.546370
-0.924395
0.308132
1.232527
1.540658
0.308132
1.386592
2.156921
2.773185
-3.851645
-2.773185
0.154066
-0.308132
-1.386592
2.927251
-6.162633
-4.313843
-4.776041
-3.851645
-0.462197
0.000000
5.238238
1.694724
1.540658
0.154066
2.002856
-1.078461
-10.784607
2.465053
2.002856
2.465053
2.619119
3.543514
-14.482187
2.619119
3.235382
1.540658
-0.462197
-1.232527
0.616263
3.081316
-1.232527
-0.770329
-1.386592
0.462197
-0.770329
-4.005711
-0.924395
-1.232527
1.848790
-2.927251
1.386592
-1.386592
-6.624830
-4.005711
-0.770329
2.773185
-4.776041
-4.621974
-6.162633
-6.316699
-2.002856
0.154066
2.002856
2.310987
-0.308132
-3.851645
-4.313843
-1.540658
1.694724
3.235382
9.860212
5.238238
-0.308132
-1.232527
-0.924395
3.081316
1.232527
3.697580
1.540658
-0.308132
-0.924395
2.310987
3.851645
0.154066
1.694724
-1.232527
-1.386592
0.308132
1.386592
-0.924395
-3.235382
-1.232527
-4.621974
-4.005711
-3.235382
-2.773185
-0.770329
-3.389448
-1.694724
-2.927251
-1.078461
-4.005711
-3.235382
-0.154066
-2.002856
-1.232527
-0.154066
-1.078461
-6.624830
-2.927251
1.078461
0.154066
0.616263
-0.924395
-0.462197
-2.619119
-3.389448
1.386592
-2.156921
-1.386592
-2.927251
-0.770329
-2.773185
-1.386592
-0.154066
-4.159777
-4.621974
-1.694724
-5.546370
-6.008567
-1.232527
-2.310987
-1.078461
-0.770329
1.386592
1.386592
-0.462197
-1.078461
-1.232527
2.619119
3.389448
-1.078461
-0.308132
3.389448
2.002856
0.924395
3.081316
3.543514
-6.008567
-5.392303
4.159777
2.927251
0.154066
-1.386592
-1.232527
-4.313843
-1.848790
-1.232527
-3.081316
-0.462197
1.848790
0.924395
-4.467909
-0.924395
-0.154066
-1.078461
-1.232527
1.232527
1.386592
-1.232527
2.773185
-0.462197
0.616263
1.540658
1.848790
0.154066
1.232527
-0.616263
-1.540658
0.308132
2.156921
-0.154066
0.770329
0.154066
0.462197
0.924395
0.924395
-0.154066
-0.924395
1.694724
-0.308132
0.308132
1.694724
-0.308132
0.154066
-2.310987
-0.462197
4.621974
5.700435
2.773185
0.616263
0.308132
-4.467909
-2.002856
8.011422
5.238238
-6.624830
-4.159777
0.462197
0.308132
0.616263
8.165488
4.005711
0.308132
0.308132
-0.154066
0.154066
-6.624830
-0.154066
0.000000
2.465053
0.770329
0.924395
-1.232527
-1.540658
1.386592
1.232527
0.462197
1.848790
3.081316
2.927251
2.465053
0.462197
0.462197
2.002856
2.773185
1.848790
-0.308132
-1.078461
-4.467909
-4.313843
-1.540658
1.386592
2.465053
-3.235382
-0.616263
-5.854501
-4.930106
-0.770329
-1.694724
2.156921
-1.540658
-1.848790
0.154066
-2.927251
-2.465053
-3.081316
3.081316
1.848790
-2.156921
-0.462197
-1.694724
1.232527
-0.462197
3.543514
1.232527
-4.313843
-1.232527
-5.546370
-1.540658
2.465053
2.619119
0.924395
-1.232527
-0.770329
-2.619119
-0.924395
1.232527
3.081316
2.927251
3.235382
3.543514
3.389448
3.697580
4.005711
4.467909
0.462197
0.770329
0.000000
0.616263
2.465053
2.310987
4.005711
0.462197
1.078461
10.014278
6.008567
3.851645
2.773185
1.540658
-2.927251
-4.930106
4.776041
3.389448
-4.313843
2.773185
0.462197
-2.465053
0.924395
2.002856
-1.540658
-4.159777
-0.308132
1.232527
-1.694724
-0.308132
-5.392303
-4.621974
-1.386592
-0.770329
4.621974
-1.848790
-0.924395
-2.002856
1.078461
-0.616263
1.848790
3.697580
0.462197
0.770329
1.078461
1.232527
0.770329
1.386592
0.924395
-0.770329
-0.308132
-6.316699
-4.930106
-0.154066
-0.616263
1.232527
-1.540658
-2.927251
-8.781752
-6.008567
-1.694724
-0.616263
2.002856
-3.543514
-1.078461
-2.156921
-3.235382
-2.156921
-2.465053
1.848790
-1.078461
-4.621974
-3.697580
-3.389448
-2.002856
-1.386592
0.462197
-3.389448
-7.241094
-2.002856
-8.165488
-4.930106
-1.386592
1.848790
0.154066
-0.616263
0.000000
-1.694724
-1.078461
-1.540658
-1.540658
-1.386592
-0.154066
0.770329
0.308132
-0.616263
-1.386592
-0.616263
-0.770329
0.924395
4.159777
3.081316
-0.616263
-1.694724
0.770329
0.154066
0.770329
0.616263
-0.308132
0.924395
1.386592
0.308132
-3.697580
-3.235382
0.154066
2.002856
-0.616263
-1.694724
-0.462197
-1.386592
1.386592
4.159777
4.467909
-2.619119
-0.924395
-1.694724
-3.851645
-0.770329
-0.154066
-0.770329
-4.005711
-1.694724
-1.848790
-2.773185
-2.465053
-2.465053
-1.848790
-1.540658
-0.770329
-1.848790
-1.694724
-0.616263
0.154066
0.154066
-0.616263
-1.540658
-0.770329
-0.616263
-0.308132
-0.462197
-0.770329
0.154066
-1.848790
1.694724
0.462197
-2.619119
-3.543514
-2.465053
-1.386592
0.462197
1.694724
-1.848790
-0.462197
0.770329
-1.232527
-0.770329
-0.308132
0.770329
-1.232527
-2.619119
-0.616263
-0.924395
-1.078461
0.308132
-0.308132
-2.002856
-4.776041
-1.386592
-1.848790
-0.462197
-0.924395
-1.848790
-0.154066
-0.616263
1.078461
-0.616263
0.924395
-2.310987
4.313843
2.310987
2.465053
2.465053
2.619119
2.310987
2.465053
2.156921
-0.462197
-0.462197
2.927251
1.694724
-0.616263
0.462197
1.540658
0.154066
0.462197
1.078461
0.000000
-0.770329
-0.616263
1.232527
-0.770329
0.616263
1.694724
0.154066
3.851645
0.616263
2.465053
-0.154066
0.462197
2.465053
0.924395
1.078461
1.078461
2.773185
0.462197
3.851645
2.927251
-0.462197
0.616263
1.540658
2.465053
0.616263
3.697580
2.156921
2.927251
2.310987
2.002856
2.619119
0.308132
-0.154066
-1.232527
-0.924395
0.308132
2.156921
0.616263
1.386592
0.616263
-2.156921
-0.616263
0.616263
1.848790
1.386592
4.776041
4.313843
-3.389448
1.386592
2.927251
2.619119
2.002856
1.232527
-2.927251
3.235382
3.851645
-4.313843
2.773185
2.465053
1.848790
-4.621974
-1.848790
-0.770329
-2.465053
2.773185
1.232527
2.927251
-9.398015
-4.621974
-6.008567
1.078461
2.156921
2.002856
2.156921
1.232527
1.078461
1.540658
1.540658
0.924395
7.395159
2.002856
2.927251
2.002856
2.002856
3.697580
4.930106
1.078461
-3.389448
-0.770329
0.308132
1.540658
0.462197
-0.770329
1.078461
-0.924395
2.773185
-6.162633
-0.308132
1.848790
-1.848790
0.924395
1.540658
2.156921
-5.084172
-0.770329
6.624830
4.621974
1.540658
-0.616263
-0.770329
-2.927251
1.540658
4.776041
0.308132
2.773185
2.927251
2.310987
1.232527
2.156921
3.851645
-0.154066
5.084172
-0.308132
1.694724
0.462197
2.310987
0.924395
4.005711
-3.389448
-1.386592
-1.232527
-1.540658
-1.540658
-1.540658
-3.081316
-1.848790
-2.310987
-3.851645
2.773185
2.927251
-2.927251
-2.619119
-2.927251
-2.773185
0.616263
0.770329
3.081316
-4.621974
-5.238238
-3.697580
-1.848790
3.389448
-3.389448
-2.465053
2.927251
-3.235382
-3.697580
-8.781752
-6.008567
-7.549225
-2.619119
-4.776041
-7.549225
-1.232527
-5.084172
-0.770329
-4.621974
-3.081316
-6.162633
-6.008567
-2.156921
-4.159777
-4.005711
-6.162633
-4.313843
-3.235382
-2.156921
0.000000
0.924395
0.154066
0.308132
0.462197
0.308132
0.616263
0.616263
-0.924395
-1.232527
-6.932962
-6.624830
-0.770329
-0.308132
0.924395
-5.700435
-4.467909
-1.386592
-1.694724
-1.232527
-1.540658
0.154066
-8.627686
-8.935818
-0.924395
-2.619119
-9.860212
-5.238238
-0.770329
-3.697580
-10.784607
-6.008567
-8.781752
-5.854501
-2.619119
0.154066
-3.235382
-13.711858
-9.860212
-10.784607
-3.389448
0.000000
1.232527
-3.235382
-1.848790
-3.081316
-2.619119
-1.848790
0.154066
-2.773185
-1.694724
-0.616263
0.308132
0.154066
-0.924395
-3.081316
1.232527
2.310987
2.619119
1.848790
1.078461
2.310987
-0.770329
2.002856
0.000000
-0.462197
1.848790
-1.078461
0.924395
0.154066
3.235382
-2.002856
-2.156921
-2.002856
-1.386592
-3.235382
-0.154066
1.386592
-1.540658
-1.540658
-0.462197
-2.002856
-3.697580
0.154066
2.310987
-0.770329
-6.008567
-2.773185
-2.773185
-4.313843
-0.308132
0.000000
-0.462197
-2.310987
-1.540658
-3.235382
-2.156921
-2.773185
-0.154066
0.616263
2.002856
0.924395
0.462197
1.232527
1.078461
-0.924395
1.386592
0.308132
-2.619119
-3.235382
-0.924395
-0.308132
-1.694724
-3.235382
-0.924395
2.465053
0.308132
-1.078461
-1.232527
-2.310987
-2.310987
1.232527
9.398015
5.854501
-1.232527
-4.621974
-1.386592
1.694724
4.621974
4.005711
3.081316
1.386592
-1.386592
-0.462197
0.000000
1.694724
2.002856
-3.235382
-4.313843
-2.002856
0.154066
2.465053
3.389448
3.851645
1.540658
0.308132
-0.154066
6.778896
1.078461
1.848790
1.848790
2.002856
1.694724
4.776041
2.927251
-1.540658
-0.924395
-1.694724
-1.232527
-1.694724
3.697580
3.697580
0.616263
3.389448
-4.159777
-2.465053
2.156921
5.238238
3.235382
-2.002856
4.621974
4.930106
2.619119
-3.697580
3.235382
4.159777
0.616263
-1.540658
-0.308132
-2.002856
-1.078461
3.389448
5.238238
2.310987
-4.467909
1.386592
-5.700435
0.462197
5.238238
6.316699
3.389448
1.694724
3.851645
2.927251
3.081316
5.700435
4.005711
1.232527
3.235382
4.005711
3.543514
2.773185
1.386592
-0.308132
-1.078461
2.156921
-1.540658
-2.002856
-0.308132
-3.081316
3.235382
1.694724
5.700435
3.389448
4.005711
2.310987
-3.081316
2.619119
4.159777
6.316699
3.543514
6.624830
1.848790
-0.924395
1.232527
1.540658
-0.308132
0.308132
-1.540658
0.000000
-1.386592
2.773185
1.848790
-0.770329
6.932962
-1.694724
-1.078461
-0.770329
0.154066
-3.081316
-2.156921
-1.232527
-1.848790
-2.773185
-4.621974
2.002856
-0.616263
0.000000
-0.924395
-0.770329
0.308132
1.386592
-2.002856
-3.543514
-3.543514
-6.008567
-4.621974
-3.389448
-1.386592
-1.848790
-1.694724
0.000000
-0.154066
1.386592
-1.848790
-2.465053
-1.540658
-1.848790
3.851645
11.246804
9.860212
0.308132
-2.465053
-1.694724
-2.310987
1.540658
7.087028
3.081316
-2.773185
-2.927251
-0.462197
-4.621974
-0.616263
0.000000
-0.462197
-2.927251
-0.616263
-1.078461
-2.619119
-2.619119
-1.848790
-3.389448
-2.927251
0.616263
-4.313843
-4.467909
-2.310987
-2.156921
-1.078461
-2.156921
-4.313843
-4.005711
-2.156921
-0.154066
-1.232527
1.386592
3.235382
-2.465053
-2.156921
-0.616263
-0.616263
4.776041
4.159777
3.851645
3.851645
-0.616263
3.081316
4.467909
2.619119
6.778896
7.241094
6.008567
-0.616263
3.081316
7.549225
9.706146
11.092739
10.630542
5.238238
-1.386592
0.924395
9.089883
9.089883
9.552081
8.319554
4.159777
-2.156921
-2.002856
-0.308132
2.465053
2.002856
2.465053
-1.386592
0.770329
-0.308132
-0.462197
-1.078461
-1.078461
-0.462197
0.462197
-0.154066
-0.770329
-1.078461
-0.154066
-0.308132
-0.770329
-0.616263
0.462197
-0.308132
2.773185
0.770329
1.232527
3.235382
-0.308132
0.000000
-0.770329
-2.619119
-5.392303
-3.851645
-0.462197
1.386592
0.462197
2.310987
-1.078461
-6.162633
-0.616263
4.776041
0.616263
0.308132
1.848790
7.087028
-0.616263
2.773185
4.621974
0.616263
0.770329
0.770329
4.313843
0.770329
2.773185
0.924395
0.462197
-0.770329
2.927251
0.616263
0.616263
0.462197
1.540658
1.848790
0.770329
2.773185
2.927251
-0.924395
-0.924395
2.927251
3.697580
0.000000
0.154066
2.002856
-6.624830
-3.697580
2.773185
0.924395
0.308132
0.770329
-3.543514
-3.851645
-5.238238
0.000000
0.000000
-0.154066
5.546370
-1.694724
-0.770329
-0.308132
7.241094
3.081316
0.770329
2.619119
-2.927251
1.078461
-6.470764
1.848790
2.465053
0.308132
3.235382
2.310987
5.546370
2.465053
1.848790
4.313843
4.930106
1.386592
1.694724
1.232527
1.386592
1.540658
2.465053
1.078461
-1.848790
-1.848790
0.462197
0.924395
-2.156921
-0.154066
0.462197
-0.770329
0.924395
6.162633
3.697580
0.308132
0.154066
1.078461
-1.078461
-2.310987
-2.465053
1.078461
0.308132
1.694724
2.773185
0.616263
-1.694724
-5.238238
0.000000
1.386592
0.770329
2.002856
1.848790
7.087028
-0.154066
-0.770329
2.002856
1.848790
2.310987
1.078461
4.005711
4.313843
4.159777
2.310987
1.078461
0.462197
-3.851645
-2.465053
-1.078461
-1.078461
-2.773185
-2.156921
-4.313843
-6.624830
-6.932962
0.000000
-1.848790
-6.162633
-4.776041
-2.619119
-3.235382
-3.697580
6.778896
4.159777
-4.776041
-2.927251
-2.156921
-0.770329
1.848790
3.697580
5.700435
2.619119
-2.002856
-1.540658
-4.930106
-0.770329
-0.308132
1.694724
-2.619119
-2.773185
-3.697580
-5.084172
-2.465053
-5.238238
0.770329
-4.005711
-3.697580
-3.081316
-5.084172
-3.697580
-2.927251
-3.235382
-3.235382
-6.624830
8.935818
3.389448
4.930106
3.851645
4.005711
5.084172
4.313843
0.924395
-0.770329
0.770329
1.540658
1.694724
1.848790
-0.308132
1.540658
-1.694724
-0.308132
-5.700435
-0.924395
2.619119
2.156921
0.000000
-1.232527
-3.081316
4.776041
7.241094
-3.543514
1.848790
1.232527
0.616263
4.313843
3.697580
4.005711
3.851645
2.927251
2.002856
2.927251
-3.081316
-0.308132
2.773185
3.851645
1.540658
2.002856
-0.770329
0.462197
-0.154066
2.002856
2.156921
-2.002856
-2.310987
-2.773185
-3.543514
-3.543514
-3.543514
-3.697580
-0.616263
-1.540658
0.462197
-0.616263
-1.078461
-0.770329
0.000000
1.386592
-1.848790
1.232527
-3.851645
-1.386592
-2.619119
-2.619119
1.386592
-0.924395
1.232527
-3.697580
-3.697580
-1.078461
-2.773185
3.543514
-1.848790
-0.924395
-2.619119
-3.543514
-1.694724
-2.002856
1.848790
-2.465053
-0.308132
-3.081316
-6.162633
-6.932962
-4.621974
-0.154066
-1.078461
1.540658
-1.232527
-0.924395
-2.927251
-1.540658
2.002856
-2.465053
-0.616263
0.000000
0.000000
0.154066
0.154066
-1.078461
-0.154066
1.232527
0.924395
0.924395
1.232527
1.694724
-0.616263
1.694724
1.694724
1.540658
-4.005711
-0.462197
2.619119
2.002856
1.386592
0.308132
3.697580
6.162633
8.011422
3.081316
-0.308132
1.078461
-2.002856
0.000000
4.005711
2.465053
-2.310987
0.000000
0.154066
-0.308132
-0.154066
0.462197
1.232527
0.616263
0.308132
-0.154066
0.770329
1.386592
0.000000
2.310987
2.310987
-1.078461
-0.308132
-2.310987
-2.156921
-1.540658
-1.232527
-2.002856
-1.848790
-1.078461
-1.386592
-0.308132
1.694724
1.848790
0.462197
-1.848790
0.924395
1.232527
1.232527
4.159777
6.316699
3.851645
2.310987
0.462197
0.770329
-3.081316
-1.386592
0.616263
-1.386592
1.078461
0.154066
1.232527
0.308132
-0.616263
-0.462197
0.154066
1.232527
-0.770329
2.465053
2.156921
4.930106
-1.540658
3.081316
0.000000
0.308132
0.154066
-0.616263
-1.232527
-1.232527
-0.308132
0.924395
-1.386592
-1.694724
-1.386592
-1.232527
-1.078461
-1.078461
-0.616263
-0.770329
-0.154066
-0.770329
2.465053
2.156921
0.000000
0.616263
-0.154066
2.156921
2.465053
11.709002
8.935818
0.154066
2.002856
0.616263
5.854501
10.784607
7.087028
7.241094
7.703291
6.162633
0.770329
1.848790
5.700435
5.238238
5.546370
4.005711
2.773185
0.308132
3.081316
9.089883
6.008567
8.011422
4.467909
2.002856
0.000000
2.002856
2.310987
0.462197
3.235382
2.310987
0.154066
-1.848790
0.462197
-0.154066
1.232527
1.078461
-0.308132
-0.616263
0.000000
1.694724
2.619119
4.776041
4.467909
1.386592
-0.924395
0.308132
3.543514
3.235382
4.313843
2.773185
1.386592
-1.232527
0.770329
5.700435
1.386592
-1.694724
-2.002856
3.851645
1.694724
0.308132
2.310987
1.386592
-3.851645
-0.154066
1.078461
0.770329
-0.924395
3.697580
-0.770329
1.540658
-2.156921
0.308132
0.770329
-3.697580
1.694724
3.235382
2.927251
2.465053
1.694724
-1.386592
-2.310987
-1.540658
-0.154066
0.154066
0.000000
-0.154066
-2.310987
-0.616263
-1.386592
0.154066
0.308132
0.462197
-0.308132
-1.540658
0.462197
1.078461
2.927251
-4.930106
-2.619119
1.232527
-0.154066
-0.154066
1.232527
0.154066
-1.232527
-4.005711
0.616263
1.848790
-0.770329
0.924395
1.386592
0.000000
3.543514
-0.924395
0.308132
-0.462197
-0.462197
-2.156921
-6.778896
0.770329
-0.154066
-0.462197
-1.232527
-0.616263
-0.308132
-0.154066
0.462197
0.924395
-1.540658
3.543514
0.462197
0.154066
-0.770329
-0.462197
0.000000
2.773185
0.462197
-1.540658
-1.848790
2.465053
2.310987
-2.156921
0.924395
-1.078461
1.078461
2.156921
2.002856
3.235382
-1.386592
-0.770329
-1.386592
2.773185
6.778896
4.776041
6.624830
2.310987
0.616263
-0.616263
-0.616263
5.238238
5.854501
5.546370
1.540658
-0.616263
0.154066
-0.308132
3.697580
6.316699
8.781752
2.465053
0.154066
2.465053
-0.770329
-0.154066
-0.616263
1.694724
0.462197
2.310987
0.770329
0.154066
-0.154066
-0.154066
0.000000
0.308132
-0.308132
0.308132
0.000000
0.770329
-2.619119
-1.232527
0.616263
0.154066
0.616263
1.078461
2.619119
-6.624830
-2.465053
1.232527
0.154066
1.078461
1.078461
2.156921
0.308132
1.386592
-1.694724
1.078461
0.462197
1.386592
-2.927251
-1.848790
0.616263
0.000000
0.000000
0.770329
-2.465053
-11.092739
-4.621974
-3.697580
-0.462197
1.078461
0.462197
1.078461
-1.078461
1.232527
-0.616263
0.770329
0.154066
6.162633
2.773185
3.697580
1.848790
1.848790
3.543514
4.313843
2.773185
1.232527
1.386592
-1.078461
-2.619119
1.540658
2.156921
2.619119
-1.386592
1.078461
-8.935818
-8.165488
0.770329
0.924395
1.386592
-2.002856
0.770329
-0.308132
4.159777
-0.616263
-2.156921
1.848790
-0.154066
2.002856
0.616263
1.848790
-1.078461
-1.078461
2.773185
1.694724
4.467909
-1.694724
4.621974
-1.386592
0.154066
3.081316
-1.694724
-1.694724
-3.697580
-2.156921
-2.619119
-2.619119
0.462197
-1.386592
1.078461
2.465053
2.156921
0.770329
-3.235382
-2.773185
-1.540658
2.002856
2.310987
0.770329
-1.386592
-5.854501
-2.773185
-2.156921
2.773185
1.848790
0.924395
0.462197
-3.697580
-4.930106
-6.470764
-13.403727
-10.630542
-10.784607
-11.092739
-9.398015
-3.697580
-3.851645
-6.316699
-11.246804
-11.400870
-5.546370
-6.008567
-3.081316
-3.697580
1.540658
3.697580
5.084172
0.154066
-6.624830
0.616263
-1.540658
3.081316
0.770329
3.851645
1.694724
-6.932962
-0.924395
1.078461
-0.154066
-0.308132
-0.308132
0.308132
0.924395
0.462197
2.002856
0.924395
3.543514
4.313843
2.310987
3.543514
0.462197
2.927251
-1.386592
-2.773185
-0.308132
0.770329
1.694724
0.154066
-0.770329
-9.860212
-8.627686
-7.087028
-0.308132
2.927251
0.462197
-1.386592
-3.389448
-6.932962
-5.084172
-0.308132
1.232527
1.386592
2.002856
2.773185
-0.924395
-0.924395
1.232527
1.540658
1.232527
2.619119
2.465053
0.308132
2.619119
3.235382
4.930106
-3.543514
-1.540658
-1.386592
-2.619119
-2.465053
-2.002856
-2.927251
-1.540658
-1.540658
-2.465053
-1.848790
-1.848790
-3.389448
-4.467909
-1.848790
0.616263
2.002856
2.156921
5.546370
-2.927251
-5.392303
-0.770329
2.002856
10.322410
7.395159
9.398015
5.700435
-3.543514
-0.308132
-0.770329
-0.924395
-0.924395
0.462197
-1.386592
-2.619119
-1.694724
-2.002856
-0.308132
-6.162633
-2.156921
-0.308132
-4.159777
-3.389448
-5.546370
-2.773185
-3.697580
-2.002856
-2.002856
-3.697580
3.235382
0.462197
-2.156921
-0.616263
-0.924395
-1.848790
2.465053
-1.232527
3.235382
-1.078461
1.694724
1.694724
-0.308132
-1.386592
-2.619119
2.773185
-4.776041
-1.694724
-0.924395
-4.930106
-1.232527
-2.465053
0.770329
-3.851645
-1.694724
-4.930106
-1.848790
-0.154066
-3.081316
-5.238238
-3.697580
-3.543514
-8.011422
-6.008567
-1.848790
-2.002856
-0.616263
1.386592
-0.462197
-0.770329
-0.616263
-2.310987
-1.386592
2.773185
2.465053
-0.770329
3.543514
4.313843
2.156921
-0.154066
0.924395
-0.154066
0.000000
-0.154066
0.154066
1.232527
0.154066
1.078461
-2.002856
1.386592
2.156921
0.000000
2.156921
-1.848790
3.697580
-1.540658
4.930106
6.162633
-4.467909
0.462197
-2.002856
6.162633
6.162633
7.549225
4.776041
4.005711
2.156921
0.154066
-2.773185
2.619119
2.773185
1.694724
-0.770329
0.616263
-0.616263
-3.081316
1.694724
-5.084172
1.078461
1.694724
0.154066
-2.465053
-2.927251
-3.081316
-2.465053
-0.616263
-0.308132
-0.770329
4.930106
0.000000
0.770329
-0.308132
0.154066
0.616263
1.848790
1.386592
-1.694724
-2.310987
-1.386592
-1.848790
-2.156921
-0.616263
1.540658
-3.081316
-1.386592
3.851645
0.308132
-3.081316
-1.386592
1.386592
-1.694724
3.543514
0.000000
-1.078461
-0.154066
-3.851645
1.694724
-3.851645
-2.927251
-2.773185
-1.232527
-1.386592
-2.156921
2.773185
-3.389448
-3.389448
0.000000
-3.543514
-5.546370
-1.848790
2.310987
-2.927251
-4.776041
-4.621974
-5.854501
-5.854501
-0.770329
-15.406582
-6.470764
-6.470764
-4.005711
-4.776041
-6.316699
-11.246804
-6.470764
1.540658
3.389448
1.386592
1.386592
3.389448
-4.159777
-5.700435
2.773185
1.078461
2.002856
-1.232527
4.621974
-0.616263
-4.930106
-0.308132
-4.467909
2.619119
-0.462197
-0.770329
-1.694724
-5.854501
2.156921
-0.308132
2.619119
0.770329
2.773185
-1.078461
-6.470764
1.848790
1.232527
3.851645
-4.159777
0.462197
-2.310987
-13.095594
-1.694724
-2.927251
-1.232527
-1.078461
-1.386592
-9.706146
-1.232527
-4.621974
-2.927251
-2.310987
-1.848790
-2.773185
-4.621974
-2.310987
-2.002856
0.000000
1.848790
2.465053
-0.462197
-4.930106
0.000000
2.465053
2.002856
-1.694724
0.616263
3.081316
0.308132
-1.232527
-1.848790
-9.860212
-1.232527
1.848790
-1.078461
2.002856
-1.386592
-2.619119
-3.389448
-0.616263
3.389448
-2.465053
-0.770329
-3.081316
0.000000
2.310987
-2.156921
2.156921
1.848790
-4.159777
-4.467909
-2.002856
-2.927251
-4.930106
-1.386592
0.154066
-6.008567
-4.930106
0.770329
-0.154066
0.616263
0.154066
0.154066
-0.924395
0.616263
2.773185
2.310987
-2.156921
-2.773185
1.540658
3.235382
-1.540658
0.000000
0.154066
0.000000
-1.078461
-0.308132
1.848790
-0.616263
-2.465053
-6.008567
-4.621974
-5.084172
-4.005711
0.462197
-0.616263
0.308132
-0.924395
-1.078461
-0.924395
-1.540658
0.154066
-0.154066
3.543514
1.540658
3.543514
-0.616263
0.154066
2.773185
2.156921
5.700435
4.005711
6.008567
4.159777
3.543514
5.546370
2.310987
3.697580
3.235382
3.697580
3.543514
2.927251
3.389448
3.697580
3.389448
2.619119
2.465053
2.773185
1.848790
3.389448
3.697580
2.465053
-0.308132
-1.386592
-2.773185
1.694724
3.235382
4.005711
-1.848790
-4.313843
-0.154066
-1.540658
-2.927251
1.386592
4.159777
3.081316
-2.773185
0.616263
-3.543514
-2.002856
2.619119
3.543514
4.159777
4.467909
-0.462197
1.848790
2.619119
3.235382
3.851645
5.700435
3.851645
4.467909
3.235382
3.235382
5.238238
0.154066
-1.232527
-1.078461
-0.924395
-1.386592
-1.848790
1.540658
2.156921
2.927251
1.848790
4.313843
4.621974
0.616263
2.619119
1.848790
6.932962
2.465053
4.467909
3.697580
0.616263
3.081316
0.924395
5.700435
-0.154066
-4.467909
-8.165488
-1.386592
1.232527
0.000000
-0.924395
3.389448
0.770329
0.616263
-3.081316
-0.924395
0.462197
2.465053
5.392303
-3.389448
2.465053
0.770329
-0.770329
0.000000
-1.386592
-1.386592
-5.546370
-3.389448
-2.310987
-0.154066
-0.924395
1.386592
0.308132
-0.154066
0.308132
0.770329
-0.154066
1.232527
2.002856
0.000000
-0.616263
-1.694724
0.770329
1.386592
0.000000
-2.773185
-1.078461
3.235382
0.154066
0.308132
-0.616263
-0.308132
-1.232527
1.232527
0.616263
0.308132
-0.154066
-2.156921
0.000000
0.770329
6.162633
4.159777
4.005711
2.465053
0.000000
0.616263
0.308132
0.000000
3.081316
4.159777
1.078461
0.308132
-0.308132
0.462197
0.924395
1.232527
0.924395
0.924395
0.770329
2.310987
1.386592
0.924395
1.232527
1.078461
1.232527
1.848790
2.310987
0.000000
-0.154066
-1.694724
-1.694724
0.308132
1.694724
0.924395
-2.465053
-0.154066
-2.465053
-0.924395
1.694724
1.078461
1.078461
0.000000
0.770329
1.386592
2.002856
-0.308132
1.078461
1.694724
3.081316
2.002856
2.619119
1.232527
4.467909
2.156921
2.310987
1.694724
1.232527
6.008567
2.002856
3.235382
2.619119
2.465053
1.848790
1.540658
3.697580
2.619119
2.310987
2.465053
4.776041
2.465053
1.848790
0.462197
0.616263
2.002856
3.081316
0.616263
-0.462197
0.000000
-1.232527
-1.232527
-0.154066
-0.616263
0.770329
0.308132
1.078461
-5.238238
-4.776041
-0.462197
-0.770329
1.078461
0.000000
-0.308132
-3.235382
-3.081316
0.000000
-2.773185
1.694724
0.154066
-2.465053
-2.927251
-6.316699
-1.694724
-0.616263
0.616263
-0.924395
-4.621974
-3.235382
-5.546370
-1.848790
-0.308132
2.002856
-0.616263
0.000000
-1.386592
-1.232527
-0.616263
-0.462197
-1.232527
0.770329
0.924395
2.002856
2.156921
1.540658
-1.078461
2.927251
2.927251
0.616263
4.005711
6.008567
3.389448
3.389448
2.310987
2.465053
-4.621974
-1.848790
-1.694724
0.770329
3.543514
3.235382
0.308132
-7.087028
-5.700435
-4.621974
-0.154066
5.546370
0.462197
-2.156921
-8.627686
-2.465053
-3.389448
-2.310987
3.851645
0.770329
-0.770329
-9.552081
-2.310987
-7.241094
-2.156921
2.156921
-2.156921
1.232527
-1.232527
-0.924395
-0.462197
1.386592
-0.770329
5.392303
2.156921
2.619119
1.694724
1.694724
2.310987
3.235382
1.540658
-1.078461
-1.386592
-2.310987
-2.465053
-1.078461
0.462197
1.386592
-3.235382
-2.619119
1.232527
-1.232527
-2.619119
-1.386592
0.154066
-1.078461
-3.389448
-6.932962
-5.700435
2.310987
-1.694724
0.924395
-2.465053
1.694724
-4.313843
-1.078461
0.770329
-2.465053
1.848790
-2.002856
5.546370
1.540658
7.857357
0.000000
-0.462197
3.543514
-0.924395
-2.310987
-2.310987
-0.770329
-1.078461
1.848790
6.008567
4.005711
3.851645
4.159777
4.159777
4.159777
5.700435
5.546370
5.546370
4.776041
3.697580
4.005711
5.084172
6.162633
5.238238
4.313843
2.619119
-0.616263
0.616263
5.546370
6.470764
5.546370
0.462197
-3.697580
0.770329
1.232527
-0.924395
4.776041
5.238238
5.084172
0.924395
3.235382
2.310987
3.081316
5.854501
5.238238
6.008567
-0.924395
2.927251
-0.154066
5.238238
5.392303
5.854501
6.316699
4.313843
5.084172
4.467909
5.084172
4.930106
-0.616263
-1.694724
0.770329
0.770329
0.924395
0.154066
-2.002856
1.694724
1.386592
3.081316
2.156921
1.848790
1.694724
-2.465053
2.465053
1.694724
3.389448
0.000000
-1.078461
5.546370
0.308132
2.619119
-2.310987
-4.776041
-4.313843
-2.773185
-4.621974
-1.232527
2.465053
0.770329
-2.619119
-3.697580
-4.776041
0.462197
-0.616263
1.540658
0.000000
-3.081316
6.932962
-3.081316
-1.232527
-1.078461
-2.619119
-0.616263
-0.308132
2.465053
-2.156921
-0.770329
-6.316699
0.924395
0.308132
-0.308132
-0.462197
-0.308132
0.000000
-0.462197
0.308132
0.462197
-0.308132
2.310987
2.465053
-0.154066
-0.462197
1.540658
2.773185
0.616263
8.011422
6.162633
0.770329
1.540658
2.002856
4.159777
8.627686
10.014278
11.709002
10.938673
5.084172
1.540658
2.465053
5.546370
6.008567
6.470764
4.776041
2.310987
0.462197
2.465053
9.243949
6.932962
4.313843
2.156921
-0.154066
-0.616263
0.154066
2.619119
0.616263
2.465053
2.002856
-1.232527
-3.389448
-1.386592
-0.154066
-0.154066
-0.308132
-0.462197
-1.386592
1.540658
3.851645
2.619119
0.308132
0.462197
4.621974
2.156921
1.386592
4.005711
-0.308132
2.465053
0.616263
1.540658
0.616263
1.232527
2.002856
-1.540658
-4.467909
-5.700435
0.308132
0.154066
1.386592
0.616263
3.389448
0.000000
-3.081316
-2.465053
-1.078461
0.308132
-1.078461
2.773185
-3.081316
-0.770329
-2.002856
-2.002856
1.694724
0.924395
-2.927251
-3.235382
-3.697580
-1.540658
0.770329
0.462197
-0.770329
-0.308132
-0.154066
0.462197
-0.154066
-0.308132
-1.540658
-0.770329
0.616263
2.927251
2.465053
0.924395
-1.386592
-2.002856
0.770329
4.467909
8.165488
8.627686
2.773185
1.386592
-2.310987
0.616263
4.930106
8.781752
10.168344
7.241094
-0.308132
-1.078461
-1.078461
-2.002856
1.694724
5.084172
3.235382
-0.770329
-0.154066
-3.851645
-4.005711
1.848790
-2.773185
-2.619119
0.770329
1.540658
-1.540658
-3.389448
0.616263
-2.310987
-1.078461
3.851645
1.386592
1.540658
0.924395
0.616263
0.616263
0.924395
2.465053
0.462197
-0.308132
-1.694724
-3.389448
-3.851645
-1.232527
1.078461
0.308132
-3.697580
-4.159777
-4.776041
-5.392303
-2.310987
-0.462197
0.770329
-5.546370
-7.395159
-3.389448
-5.392303
-7.857357
-2.310987
0.154066
-2.156921
-1.848790
-4.467909
-5.700435
-2.927251
-1.232527
0.462197
-1.540658
-3.543514
-2.002856
-6.932962
-2.465053
0.616263
1.078461
-0.616263
-0.462197
-0.154066
-1.386592
-0.770329
2.927251
-1.540658
3.235382
2.002856
2.773185
2.310987
2.156921
1.232527
3.389448
3.697580
1.694724
-1.232527
-1.848790
1.694724
4.776041
2.773185
1.694724
0.000000
-1.540658
-1.848790
0.616263
3.081316
3.081316
0.770329
0.616263
0.000000
-3.235382
-1.232527
2.465053
2.002856
1.694724
1.386592
-1.694724
-1.694724
-0.616263
2.619119
3.543514
3.851645
0.462197
-0.308132
0.770329
0.770329
3.389448
4.159777
6.008567
6.162633
2.002856
3.389448
3.851645
5.238238
-7.087028
5.392303
1.540658
3.389448
3.389448
2.773185
-0.462197
5.238238
7.549225
4.467909
3.081316
4.005711
5.854501
6.316699
3.851645
4.621974
-0.308132
4.776041
4.005711
2.927251
6.624830
4.621974
3.235382
-1.694724
0.770329
0.616263
4.159777
2.927251
4.005711
5.700435
0.308132
1.386592
-0.616263
2.927251
4.467909
4.930106
0.924395
-1.540658
0.308132
-2.156921
0.308132
7.395159
-0.770329
1.232527
-0.616263
3.235382
-1.078461
-1.386592
2.619119
0.924395
-0.308132
-0.308132
0.154066
0.000000
-0.462197
-0.924395
0.308132
-0.462197
-0.616263
3.081316
2.927251
-0.770329
-1.232527
-0.770329
0.000000
2.927251
5.084172
5.700435
2.156921
-2.156921
-0.616263
1.848790
10.322410
6.778896
9.552081
4.159777
0.462197
-0.924395
1.694724
6.778896
8.473620
8.473620
4.930106
-1.232527
0.000000
0.770329
7.087028
3.543514
5.238238
3.081316
-2.310987
0.924395
-0.770329
1.386592
-0.154066
2.002856
2.002856
0.308132
4.930106
-0.462197
-0.154066
-1.232527
-0.462197
0.770329
-0.154066
0.616263
-0.924395
-1.232527
-0.462197
1.078461
0.462197
-2.310987
-0.308132
-0.770329
-3.389448
-7.857357
-5.854501
0.154066
-1.694724
-0.154066
-0.462197
-2.619119
-3.235382
-3.081316
7.241094
1.540658
1.540658
-1.232527
-2.002856
-3.543514
-0.462197
7.395159
0.462197
-0.308132
-0.924395
1.694724
1.078461
-1.232527
3.543514
0.154066
-2.156921
-2.773185
-2.465053
-0.924395
1.078461
1.694724
-3.851645
-0.770329
0.616263
-0.308132
-0.308132
-0.308132
0.000000
0.000000
0.616263
0.770329
-1.540658
2.002856
0.924395
-0.616263
1.386592
-1.694724
0.616263
-1.078461
-3.697580
-1.848790
-1.540658
-0.154066
-1.078461
-0.308132
-2.465053
-1.540658
1.540658
2.156921
0.924395
-1.386592
-1.540658
-2.927251
-0.924395
-1.694724
-1.232527
-1.386592
-1.386592
0.770329
1.386592
-0.154066
-1.386592
-0.308132
-0.770329
-2.465053
-0.616263
-0.924395
-2.156921
-0.308132
0.308132
-0.770329
3.235382
1.694724
4.621974
4.776041
5.238238
4.467909
1.540658
3.697580
-1.386592
0.770329
-1.232527
-1.848790
2.156921
0.462197
4.005711
-1.078461
1.540658
2.465053
0.154066
2.773185
0.000000
3.081316
-0.770329
-0.770329
0.154066
-0.616263
2.465053
-1.232527
2.465053
-3.389448
-2.310987
-2.310987
0.154066
-2.465053
-2.002856
2.773185
-3.081316
-3.697580
-6.316699
-3.543514
-3.081316
-1.386592
2.310987
-4.930106
-5.546370
-3.851645
-3.697580
-3.543514
-3.697580
-3.543514
3.081316
0.154066
2.310987
2.310987
1.386592
-0.308132
3.851645
5.854501
1.386592
2.773185
4.159777
4.159777
4.776041
2.156921
-2.002856
-4.005711
1.232527
1.848790
1.540658
4.621974
0.000000
-4.467909
-5.700435
-5.084172
-3.235382
-0.462197
0.462197
-1.078461
-5.392303
-5.700435
-6.470764
-4.313843
-3.081316
0.462197
1.540658
-5.084172
-6.008567
-5.854501
1.540658
-1.386592
2.002856
5.084172
4.005711
2.465053
2.002856
0.616263
2.927251
6.470764
4.005711
0.924395
0.616263
-0.616263
-1.694724
-0.770329
1.694724
0.770329
-3.081316
-2.619119
-5.854501
-7.395159
-6.316699
-1.694724
1.232527
-1.540658
-0.462197
-1.540658
-3.081316
-4.313843
-2.465053
2.773185
2.465053
5.392303
5.392303
3.697580
-3.235382
-2.773185
3.543514
2.619119
4.005711
5.238238
1.848790
-2.002856
-1.078461
3.851645
2.310987
1.848790
2.619119
1.848790
-2.156921
0.000000
1.540658
0.462197
-0.924395
0.000000
-3.851645
-2.773185
2.002856
7.703291
0.308132
3.389448
0.154066
0.770329
2.773185
1.848790
-0.616263
-5.084172
-1.386592
0.308132
-0.462197
-1.078461
-4.005711
0.308132
-4.467909
0.462197
2.773185
2.156921
-2.773185
-8.011422
-0.616263
-1.078461
-0.462197
-5.546370
-5.854501
-3.851645
-6.316699
0.616263
-2.927251
-2.619119
-6.162633
-2.927251
-1.386592
-6.162633
0.000000
-4.930106
-0.462197
-2.310987
0.924395
0.616263
-4.313843
-1.540658
-7.395159
-3.851645
-5.854501
-4.621974
-5.392303
-9.398015
-2.310987
0.462197
-2.002856
-1.540658
-1.694724
-2.002856
-1.232527
-0.308132
1.540658
0.308132
1.078461
0.616263
-0.308132
-0.462197
-2.156921
4.621974
1.232527
1.848790
1.848790
-0.462197
-1.540658
-1.540658
3.851645
3.389448
-1.232527
3.697580
6.932962
3.235382
-2.156921
-2.927251
3.697580
1.232527
4.159777
-0.770329
-0.924395
-2.310987
1.694724
2.773185
3.235382
2.310987
0.770329
-1.694724
0.000000
-1.848790
-2.465053
-4.159777
-0.462197
-0.462197
2.927251
3.235382
-0.462197
0.154066
-1.078461
-0.616263
0.000000
1.386592
-2.773185
-5.084172
-4.005711
-0.616263
0.154066
-2.927251
-2.465053
-1.694724
-0.616263
-4.005711
-3.697580
-2.002856
-4.621974
-3.389448
-1.694724
2.310987
0.154066
-3.851645
-4.005711
0.462197
-1.540658
-1.078461
-2.310987
-2.156921
-4.776041
-2.773185
-0.616263
-2.465053
-0.924395
-2.927251
-0.308132
-3.697580
0.462197
0.616263
-2.310987
-1.694724
-4.159777
-1.694724
-3.851645
0.308132
-0.616263
-2.619119
-3.543514
-1.078461
-2.310987
-2.773185
-1.848790
-1.694724
-1.540658
-0.154066
1.848790
0.308132
-0.462197
0.616263
2.002856
1.540658
0.616263
1.232527
-3.697580
-5.700435
-3.235382
-0.462197
2.465053
0.924395
1.232527
-6.778896
-2.002856
0.462197
-3.081316
2.465053
0.462197
2.773185
1.078461
3.081316
1.848790
-0.308132
3.389448
1.078461
2.310987
-1.232527
2.156921
-1.386592
0.000000
3.235382
-0.154066
2.773185
2.927251
2.773185
2.156921
2.002856
3.543514
0.462197
0.462197
0.770329
-0.154066
-0.154066
0.308132
0.770329
1.540658
0.616263
0.000000
-0.154066
-0.924395
-1.078461
1.078461
3.081316
2.619119
4.313843
5.700435
5.392303
-0.308132
1.694724
2.156921
2.156921
3.851645
-2.927251
-0.924395
-0.616263
2.156921
2.773185
1.848790
0.770329
-0.462197
-4.159777
-0.462197
3.389448
2.619119
1.540658
0.308132
-2.927251
-1.078461
0.462197
0.924395
1.386592
0.000000
2.927251
0.308132
-0.154066
-2.927251
-1.540658
1.232527
-1.540658
-0.924395
-2.002856
-1.540658
-0.924395
2.465053
-3.543514
-2.927251
-2.310987
-1.694724
-0.616263
-1.694724
-1.540658
-0.154066
0.924395
-3.081316
0.000000
2.927251
0.154066
2.310987
-0.616263
0.924395
2.156921
-0.770329
0.616263
0.154066
1.078461
-0.462197
2.927251
2.310987
-2.156921
0.924395
4.313843
0.770329
-3.543514
-2.465053
-0.154066
-7.241094
-4.005711
-0.616263
-2.156921
-1.386592
-4.930106
-3.697580
-4.159777
-1.694724
-5.084172
1.848790
-0.308132
-0.154066
-0.770329
-1.848790
-1.848790
-0.924395
-0.308132
1.540658
1.386592
0.924395
-0.308132
-0.924395
0.924395
0.462197
0.770329
0.308132
2.156921
4.930106
4.159777
0.924395
-0.924395
1.078461
3.235382
2.156921
1.694724
4.313843
4.776041
1.386592
1.540658
1.232527
-0.924395
-7.703291
-5.546370
1.694724
1.848790
0.924395
3.235382
10.322410
3.851645
1.848790
1.848790
0.462197
1.386592
0.770329
2.310987
0.924395
0.924395
0.770329
-2.927251
2.156921
-0.154066
1.848790
0.308132
-0.154066
1.386592
1.078461
-2.002856
-3.697580
-1.540658
0.308132
0.616263
-1.386592
-2.465053
-1.540658
-2.002856
-1.540658
-2.465053
2.002856
-2.619119
-3.851645
-3.081316
1.540658
5.238238
5.238238
2.310987
1.386592
-2.465053
-1.540658
-1.848790
4.005711
-0.770329
-4.159777
0.770329
-2.927251
-1.540658
-4.776041
-2.773185
-3.235382
-2.619119
-2.310987
-3.389448
0.000000
-5.700435
-4.005711
-5.084172
-5.238238
-3.543514
-2.156921
7.241094
0.616263
1.540658
0.000000
0.000000
1.540658
3.543514
3.081316
-3.389448
-2.465053
0.000000
-0.462197
-1.386592
0.154066
0.924395
-3.697580
-0.770329
3.235382
2.002856
-1.386592
0.000000
2.156921
-3.389448
4.467909
6.932962
7.857357
3.235382
2.465053
2.465053
-4.005711
1.848790
7.549225
7.395159
-0.462197
0.616263
2.002856
-1.078461
5.084172
0.770329
9.243949
3.235382
1.232527
2.465053
-1.694724
-2.465053
-2.002856
0.616263
0.770329
1.386592
