8.848194
4.572655
5.101909
5.893620
5.714195
5.518884
3.264325
8.140957
2.966848
1.151286
1.742273
1.868630
1.881265
5.928999
7.801600
1.306526
-1.931085
-1.784514
-2.969736
0.949839
4.935119
7.206284
-1.845524
-5.768347
-6.073770
-3.615957
-2.313764
3.321367
8.291503
1.192803
-4.044125
-3.562526
-2.544456
-1.887041
4.560381
8.239877
-0.805791
0.693517
2.319180
-0.158848
-2.504022
4.287090
5.172306
3.862896
2.139394
2.962154
1.445879
1.804731
-3.197178
0.470976
0.431220
-0.156218
-0.397655
-0.456853
-0.044592
0.639963
0.007642
0.213772
0.813979
0.357706
0.785250
0.646830
0.567415
0.152542
0.639864
1.413894
0.938856
1.835054
0.761357
0.462946
0.063358
0.494965
0.126135
5.108672
3.328463
1.159012
-0.065486
0.407134
1.806230
2.507712
2.175639
1.556281
1.932751
1.441752
-0.261073
0.773739
0.562966
0.721215
1.805939
1.399579
0.508410
-0.579216
-0.368926
-0.652344
0.060746
-0.344744
-0.892716
0.705158
4.731599
-0.036973
2.985702
1.366671
1.737376
2.402225
1.960321
0.708282
-0.365481
2.204021
-2.244844
-2.088150
2.047604
-0.636260
4.117195
-0.088655
-0.446852
-0.877072
-3.194490
1.401585
2.481533
3.794049
-2.109728
-1.520204
2.793545
3.633781
0.150646
1.834003
4.834412
3.263353
4.436768
7.949182
5.747910
3.483138
3.224591
2.892234
0.208237
3.784153
0.999817
4.346050
1.658753
1.509482
2.965772
-0.391460
1.458899
0.231741
-0.474893
0.618251
1.056306
-1.640918
-1.811530
-0.937515
-0.093432
0.016697
-0.945242
-2.138363
-0.225053
-0.157466
-0.257382
0.062258
0.704203
-0.257027
-0.828453
-0.597182
-0.578176
-0.073182
-2.893101
-1.437713
-0.206492
0.726672
-1.277405
-2.036406
-1.892083
-2.387751
-2.722312
-1.149158
-1.781244
-0.917266
-1.514626
-3.958064
-3.798911
-5.059174
-2.401785
-1.523419
-0.953058
-0.989294
-1.878939
-3.384596
-3.670663
-0.900037
-0.356231
-0.574446
0.067054
-0.731379
-1.039385
-1.220831
0.065456
-0.390246
1.971583
-0.662894
-1.036903
-1.103959
-1.229429
-0.556927
1.105882
-0.179365
-0.441833
-2.467985
-1.773867
-2.349720
-1.841598
0.349221
-0.814592
-0.208283
-0.722650
-0.655209
-1.073119
-1.665114
-1.031617
-0.374680
1.174092
-1.747063
-0.638973
-2.774932
-1.920760
-0.127199
-0.381404
1.073794
-0.256609
0.390628
-0.118360
-1.928447
-1.461057
0.743980
1.891748
-0.776738
2.447235
-0.623696
0.382174
0.451442
2.582791
1.854663
0.145645
0.707856
0.881842
0.963215
0.459320
-0.948744
-0.604528
-0.282546
-0.647990
-0.841599
-0.605992
-0.155454
0.375784
1.488950
2.527729
2.350955
2.010215
1.507708
0.487138
1.160381
2.035195
4.277998
3.596153
5.046950
1.973525
0.350072
1.139336
0.001373
1.787326
0.479084
0.473961
-0.208524
-0.604895
1.086540
1.946898
3.082116
0.686237
2.248019
-0.234691
1.025695
0.073657
0.527303
-2.345190
-1.583925
0.729332
-1.277954
-0.656317
-0.586961
-0.609103
-2.818785
-1.651725
-2.167044
-1.926585
-0.258666
-2.004377
0.164321
-1.392439
-0.778804
-1.069547
-1.500760
-0.849416
0.638900
2.258447
0.778050
1.159014
1.425340
-0.763154
2.020686
0.104739
3.250784
0.015461
-0.947933
0.436210
-1.148456
2.376856
-0.619857
2.101951
1.012983
0.180442
0.940203
1.608422
2.199525
-0.573286
-1.894640
-1.305235
-1.619923
-2.087150
-1.934613
-0.211930
0.438189
-0.857335
1.945454
-2.232239
-1.169668
-1.286286
0.919556
1.917361
2.260238
-0.392560
0.054585
-0.187513
0.961131
2.635735
0.815347
0.415422
0.208900
0.179824
0.128808
0.267512
0.891757
0.838208
-0.112007
-1.003380
-0.759037
-0.758269
-1.243120
0.150135
-0.400923
-0.201688
-0.862758
-0.866977
-0.726048
-0.674341
-0.282855
-0.560493
-0.392560
0.844500
-0.855316
0.335560
-0.321597
-1.470509
-0.666670
-1.513547
-0.852095
-1.344233
-1.124746
-1.166403
-2.133189
-0.198160
-0.425855
-0.343614
-0.050249
-0.192943
-0.706102
-1.033990
1.101425
-0.174915
-1.194251
-1.132495
-1.390800
-0.058228
0.526124
3.367872
0.436210
1.496924
0.569004
0.842562
1.583928
2.635391
0.361753
-1.909506
-1.945497
-0.422106
-0.360654
-1.401953
0.174098
0.212839
-1.815266
-1.023348
-1.215672
0.884966
-0.850439
-0.547942
0.488778
-0.792467
0.677256
-0.592634
1.617630
1.971874
1.654537
1.881755
0.177672
3.359995
0.684033
1.968759
1.964729
1.709854
1.927455
0.303231
2.450851
1.991380
3.129207
1.623583
1.342331
1.827996
-0.762153
1.874520
0.404980
1.822959
1.361657
1.506722
-3.191552
-0.301274
-0.769496
-0.537130
-0.552830
-0.737048
-2.262696
-0.822267
-0.065157
-0.191545
-0.922663
-0.746731
-0.652877
-1.144650
-0.360936
-0.778044
0.293860
-0.912894
-1.076091
1.088303
-1.399782
-0.419725
-1.756880
-2.084409
-1.341254
-0.550213
-1.285169
-1.660061
-0.971334
-0.278334
-1.188088
-0.333198
-0.836135
-0.222685
-0.441008
-0.881406
-1.558531
-0.873469
0.301973
-0.931996
-1.744319
-1.230566
-0.472758
-0.091673
-1.135404
-0.863350
-1.364717
-1.338027
-0.491424
2.570096
-1.076768
-0.339995
-0.908400
-0.979261
-0.856503
1.004974
-2.769298
-2.381946
-3.167821
0.478577
-0.018734
-3.915183
-2.201825
-2.660272
-1.485647
-1.352884
-0.024317
0.022923
-2.989331
-2.915093
-1.612476
-1.072928
-5.015109
-9.347081
-6.331337
-4.238423
-1.852056
-0.020246
-2.808744
-3.008995
-5.567452
-3.186903
-7.086380
-2.197403
-0.207116
-2.473985
-0.006866
-5.551513
2.726713
-1.739422
-1.494956
-0.908168
-2.534372
-2.875415
-4.536646
-3.648027
-4.106009
-2.020658
0.694727
-0.102791
0.534715
-0.703148
-0.479110
0.970564
-0.881389
0.238227
-1.495591
-1.285052
-2.140020
-2.546104
0.141091
-1.446792
1.431563
-1.480248
0.331559
-0.163011
0.054106
0.138321
-1.190912
2.221351
1.873411
2.049341
3.056016
3.898873
2.018886
1.731974
1.875141
2.454735
2.387130
6.150909
3.969821
3.961053
2.824826
1.145112
-0.516258
1.224367
3.060630
0.140050
1.236828
0.463883
-0.546715
-1.670023
0.334213
0.417390
-0.097484
0.409200
-0.954414
-3.081087
-2.428785
-1.644672
-1.546515
-1.265340
-1.547450
-2.397417
-0.482474
-0.214595
0.662897
0.756691
0.851212
0.613869
-0.074890
-0.723037
-0.125058
-0.279306
1.452306
0.880918
0.443627
-0.163802
-0.553209
0.405819
1.278947
-0.651263
0.995590
3.499058
0.861600
-0.383590
-0.238796
0.694577
-0.245756
2.092559
0.498783
-0.729476
-0.889436
-0.762922
3.621417
-0.749004
0.348899
-0.468868
-0.993097
-0.255415
-1.755086
-2.619074
-2.564128
-2.598924
-1.643738
-0.338822
-4.209209
-2.031571
-4.069483
-3.680826
-2.927004
-2.184494
-4.272812
-0.097034
-1.884474
-4.324070
-1.823956
-2.102204
-1.754694
-1.545195
-2.156037
-3.821750
-3.647740
-2.645841
-1.528222
-3.978619
-3.870955
-1.779212
-0.250474
-4.491569
-3.649625
-0.946694
-0.617186
0.224416
-3.258741
-2.905059
-2.141120
-3.555503
-1.589769
1.377352
-0.258533
-0.653874
1.220656
0.962638
1.324721
1.599025
4.175606
-0.781769
-4.052339
-4.158804
-0.936065
-2.820366
-0.387113
0.573811
-4.564089
2.687100
-1.209461
1.012807
0.822450
0.470572
0.517042
-1.519489
0.791798
-2.104555
0.511163
-0.353559
-1.541465
0.050250
-2.274336
1.134020
-0.662608
3.713907
2.664847
1.162154
3.497936
0.927705
-0.433059
-0.512841
4.554553
0.567430
0.244803
5.484640
0.008397
0.674785
-0.269858
0.094897
1.803484
0.423402
3.765973
0.051369
-0.452096
-1.033381
1.183566
6.204913
0.368814
1.368185
-0.248861
0.478689
-1.128140
1.418994
3.242633
1.980404
1.141017
-3.234656
2.943398
-1.294412
0.407388
-0.365551
-0.533490
-0.185297
0.140790
-0.093762
-0.365550
-0.177286
0.944143
2.207696
0.364810
-1.175133
-0.319116
1.527925
-3.141304
2.807800
1.726726
-0.480527
-2.305020
-0.502335
-0.436614
-0.780208
-1.958605
-0.601140
0.279356
0.285735
0.173577
-4.041680
-1.034935
-3.400781
-1.108076
-3.957118
-3.086857
1.605812
-1.817813
-0.150285
-3.352417
-1.460127
-2.276237
0.890882
2.928859
-3.686071
-5.089375
-4.634070
-4.921882
-3.642751
-0.286921
-0.429648
-0.502149
-0.224981
-0.338704
-0.143216
-0.232801
-0.942337
-0.414519
0.005014
-0.050486
-0.019889
-0.145426
0.120607
-0.845273
0.461861
-0.226766
1.477803
1.078753
-0.194638
0.917858
0.109983
0.197273
-0.978629
1.299144
1.248232
0.671883
-0.094344
0.644260
-0.013430
-0.395565
0.764187
0.693557
1.279680
0.921343
0.667548
-0.130042
0.071141
-0.136417
0.917688
-0.100039
-0.262889
0.098933
-1.184062
-0.492799
-0.712766
0.282777
-0.599723
-0.640180
-1.761940
-2.432169
0.406730
-0.382257
0.034075
-0.076978
0.231553
0.379163
-0.824301
-0.434919
-0.900040
-0.091999
0.052815
0.574627
0.531414
-1.311570
-1.844223
0.058548
-2.092659
-1.367640
0.149154
-3.475636
-1.644419
-1.919808
-4.691178
-7.351183
-8.447155
-0.895239
-2.555149
-2.290294
-0.718049
-4.827941
-8.233105
-6.984725
0.647578
-3.115527
-0.631469
0.178586
1.800082
-0.399914
-1.061584
2.628878
-2.410643
-2.202009
-3.342589
-1.721242
-3.314554
-0.087665
-0.754137
-2.537801
0.299104
-0.126559
0.009643
0.088823
0.341846
0.126094
0.196837
0.039497
0.686845
0.210280
1.123449
1.039819
-0.016504
-0.674237
-0.278337
0.598023
-0.613507
1.869820
1.037686
0.327847
-0.053590
-0.124519
0.388019
0.283065
-0.009179
-0.157712
0.152983
0.378748
0.217791
0.187937
1.096561
0.087988
1.241848
-0.865697
0.304018
-0.194149
0.423900
0.940056
-1.211624
1.591206
0.221315
0.351674
-0.639747
-1.547630
-1.425335
-0.888784
-1.420979
-0.999951
-0.739046
-0.003742
1.947232
3.459583
3.738114
2.947776
2.546187
2.689943
1.739267
2.281122
2.348821
-0.094506
0.099619
0.966884
1.968425
3.186787
1.184822
0.484751
-2.057822
-1.111510
0.924991
3.178930
3.567181
1.995606
0.364062
0.740841
0.237388
-3.016600
2.684831
3.323684
6.882636
5.021310
4.416493
0.696704
-0.265066
3.794720
1.949476
3.277553
3.235661
1.774926
4.074874
2.162177
3.487637
2.607030
4.376595
3.472799
4.093949
2.139610
1.299651
3.461577
1.314592
0.460453
0.389639
0.389000
0.481112
0.635839
1.230466
-0.912707
0.039294
-0.557889
-0.338738
-0.067300
-0.481112
0.021405
-0.550436
0.951681
-1.210979
-2.618428
-1.164976
-1.151665
-0.657456
-0.145463
0.903868
-0.720283
-1.862152
-1.412773
0.919629
-0.317652
0.147273
-0.271331
-2.248276
-1.081490
-2.487129
-0.690893
-0.963288
0.446503
0.750100
0.256635
-1.011953
-0.154300
0.211804
-0.141522
0.227671
-0.386445
0.235977
-1.082981
-0.733275
-0.969145
0.292841
0.311082
0.487975
0.521710
0.732524
0.585627
0.315661
0.487320
0.297345
0.475734
0.940254
0.727010
1.049212
0.185117
1.389261
0.396492
0.913249
0.858301
1.559707
0.639824
0.903343
1.620074
0.280058
-1.032485
-2.362688
0.525540
0.063731
-0.062235
0.762332
1.431032
1.494481
0.103538
2.993543
1.552420
0.293608
1.253111
1.312075
0.459941
0.778125
4.739488
-0.112882
-0.306129
2.542479
0.627491
1.099113
0.144841
3.679903
2.104029
0.302673
1.011832
0.791153
-1.273145
-1.022633
-1.281301
-1.359174
-0.941849
0.953987
-1.276738
-1.687267
-2.502403
0.098846
0.045344
-2.116050
-0.122732
-1.100700
0.391498
-1.251882
-1.285963
-0.909612
-1.684548
-0.063404
-1.450447
0.740370
-1.710959
-3.936537
-3.748070
0.951267
0.575208
-0.693861
-0.263427
-0.616667
-1.779122
-1.920983
0.943597
-0.464710
-0.479079
-1.307518
1.786890
0.200603
-0.224587
-0.635990
-0.491411
-0.331783
-1.611143
-1.701639
-2.313159
-0.630651
-2.001088
0.727360
5.321436
1.511622
2.462581
1.263740
1.509932
2.442683
4.809021
1.596549
0.834038
1.985151
1.105072
0.623611
0.905829
1.688366
2.499126
0.573020
2.178023
-0.713479
-1.061633
1.337219
1.172440
2.676651
2.375314
5.667512
4.406634
4.864556
5.142092
2.507839
2.641406
3.114672
5.102165
6.164451
7.291891
5.114262
2.524486
2.852354
2.708905
1.042386
2.289349
1.892552
2.832456
3.497424
2.869651
0.085576
1.053180
2.133024
0.707107
-0.165428
1.885270
-4.105987
-1.613632
-1.565356
-1.522974
-1.588731
-1.883876
-3.518138
-1.507527
-1.391766
-1.046924
-0.222476
0.429603
-0.537234
-1.285255
-1.975141
-3.289159
-0.150723
-1.894039
-0.726780
-0.846301
-1.546758
-1.827367
-2.869514
0.302460
-1.727360
-0.058033
-1.754395
-1.725022
-2.598865
-0.787963
-1.659367
0.807883
0.598925
1.181792
-0.500951
-1.241451
0.036385
-0.919070
3.958413
0.688870
0.354598
-0.710214
-2.398037
-1.056478
-1.053226
1.084528
0.638968
-0.002033
-1.023041
-7.725698
1.022140
-0.660614
1.975037
1.201933
-0.668145
-5.367023
-0.593556
1.280894
0.503417
-1.101831
-1.127101
0.607162
-0.107146
-2.485256
-0.822670
-1.041336
-0.300057
-3.321530
-0.552008
-3.500108
-3.038722
-2.003707
-1.823429
1.181767
-2.271936
-1.102074
-4.211499
-3.929419
-3.261033
-2.670879
-2.905335
-1.555440
-0.287910
-4.617974
-2.427430
-2.525830
1.226226
-2.919186
0.664015
-1.455582
-3.348499
-3.405837
-0.332371
-0.243449
-1.566374
-0.092325
-0.655753
-1.185411
0.558364
1.093298
1.092923
0.983128
0.878515
0.999575
1.208576
0.585101
-0.627982
0.265552
-0.862819
-0.633164
0.420032
0.336071
0.922147
-0.608682
1.368839
-1.541944
-0.274864
1.792926
-0.979148
1.218940
0.914637
2.844770
1.444614
1.968433
2.473479
-0.315268
0.672442
3.205323
1.690641
1.890555
1.157509
3.385262
0.135705
0.378652
-0.392620
1.142939
2.671215
0.938669
1.051619
-0.024633
0.568278
-1.464516
0.002854
0.217864
1.253937
0.177836
0.260971
1.759471
0.287994
1.350463
0.481980
0.485443
0.993998
1.530859
0.314829
-0.340883
-0.483105
-0.677612
-0.580921
-0.372739
0.141010
1.106010
-0.745563
-0.378279
-0.834983
-0.841908
0.003203
0.063104
0.832386
-0.537380
-0.672765
0.850997
-0.124650
-2.474305
-0.757595
1.286752
-0.083533
-1.788296
-0.818104
-0.273105
1.179935
0.027614
0.793607
0.228525
-0.914534
1.079695
-0.445970
1.058400
0.663762
1.322069
-0.440690
0.334478
0.893499
0.180656
0.552702
1.815995
1.204228
-0.301238
-0.743893
-1.049630
-0.736261
-0.491510
0.265883
0.030935
-0.516338
-1.340825
-2.628376
-2.146106
-1.036936
-0.453825
0.634374
-0.325423
-3.495288
-4.173453
-3.749278
-1.412578
0.235028
0.720591
-1.176586
-4.140109
-3.322532
-3.748234
-3.331933
-0.525499
0.401837
-2.096288
-2.770437
-3.863619
-2.737575
-5.038116
-1.134000
0.571701
-0.463547
-2.582496
-3.880653
-1.852340
-1.797782
0.054157
0.734011
0.216547
-1.988216
-3.310560
-3.041944
-0.886357
-0.487170
3.382402
-1.349593
-0.403097
-1.657515
-1.293666
-0.234172
1.632495
-2.671875
-2.256353
-2.858461
-1.536014
-1.253274
-2.948400
-1.827093
-3.048317
-1.035620
-2.726983
-1.090565
0.105803
-3.545766
-1.833634
-2.381942
-0.734565
-1.905748
-1.598972
-1.542718
-0.643154
-1.678611
-0.790984
-2.095442
-1.333076
-0.649202
-3.584194
-2.112612
-2.398783
-2.109669
-0.980674
0.366792
1.876804
0.426969
-1.794224
-1.599790
-0.209153
-0.271619
-0.408001
0.294513
0.816330
-0.129677
-1.559725
-1.355701
-0.792857
-0.460243
-0.035603
-0.036573
-0.590355
-0.786060
-1.188154
-0.490236
-0.211997
-0.371129
-0.630704
-0.658215
-0.381702
-0.373395
-1.357643
-0.940771
-0.608156
-1.164959
-0.540296
0.823713
0.114575
-1.419031
-1.841298
-1.487646
-2.435645
-1.329593
1.150825
0.210810
-0.146618
0.127090
0.777753
-0.725105
-0.087820
2.333584
-0.155464
-0.574172
1.892328
2.539000
0.950372
0.266587
1.335203
-0.676232
0.136584
1.426798
1.517315
1.437803
0.468335
-0.259358
-2.572342
-2.140287
-1.744894
-1.279833
-1.608301
-1.988275
-3.624439
-1.921804
-2.944436
-1.066375
-1.746493
-0.356563
-0.272847
-3.380146
-1.904102
-0.631807
0.362272
-2.413705
-1.044218
0.242352
-1.733131
-1.130332
1.411401
4.618176
5.382124
5.981381
3.889291
-1.481184
-1.542172
2.554182
5.593184
4.917976
5.188653
4.403577
-1.382620
-2.328504
0.175540
-0.350623
2.434261
-0.176112
-0.328467
-3.050879
-2.817665
-1.027544
-0.610108
-0.391739
-0.660817
-1.918607
-4.250765
0.122182
0.135204
-0.733593
-1.679418
-1.701317
-0.894670
0.582918
-0.216712
-0.029679
-2.210166
-1.282012
-1.403095
-1.495513
0.619108
-1.000617
-0.835905
-2.515323
-3.825578
-4.167178
-3.792771
-1.710365
-1.329448
-0.016742
-1.616932
-5.779121
-6.039295
-0.058427
-0.881310
-0.949122
-3.349366
-2.039706
-4.416021
-2.997282
-3.366193
-2.369044
-1.140808
-1.708167
-0.811215
-4.583354
0.221024
-2.959318
-1.438693
-0.032638
-1.143175
-2.908586
-5.127799
-2.706078
-3.419125
-0.765724
-1.332487
-1.644351
-1.172230
-1.926832
-1.675715
-1.124819
-1.401570
-0.548812
-1.731148
-0.638735
-0.998740
-1.163060
0.012087
0.074292
-0.639256
-1.964760
-1.833783
-1.837014
-2.528889
-0.571423
0.453261
-0.245595
-2.198373
-3.972034
-4.571381
-4.868970
-3.041231
-0.716570
-0.434715
-2.029572
-3.312980
-0.168594
-3.382689
-2.040826
-0.865991
-0.857134
-3.302561
-0.836919
-1.350929
-0.776589
-2.128769
-1.040314
0.058037
-1.098978
-1.451063
-0.570486
-0.241219
-0.935179
0.034177
3.903832
0.410742
2.185196
-0.149651
0.545035
2.034421
2.775741
-0.000187
-3.411990
-1.422522
-3.741445
-3.444391
-1.235224
-0.167443
-0.096832
-4.400918
-0.466743
-6.490779
-1.362398
-0.817551
-3.965827
-1.711708
-4.360087
-1.520665
-2.357507
0.713226
0.685882
-3.359172
-0.205278
-3.081598
-2.732663
-1.512611
-0.990427
1.125655
-4.053482
0.101515
-4.638785
-6.531234
-4.065094
-4.112668
-1.261820
-1.673311
2.100538
-5.763878
-4.151251
-2.092106
-2.076749
-3.181241
-1.874656
-0.205476
-0.097603
0.362414
0.526354
0.502238
0.176871
-0.045873
0.507867
0.039102
0.104524
0.530461
0.061619
-0.089386
0.310075
0.251270
0.350319
1.560651
2.660600
2.457408
1.370390
1.389866
0.513193
1.569096
3.102133
3.460668
3.003769
3.507909
1.965363
1.021896
2.478557
4.866889
3.751193
4.487357
3.546251
2.634584
0.495088
1.314097
3.161393
3.764430
3.310118
2.209483
2.355468
1.232241
2.204387
2.690422
4.131714
2.913925
2.541165
2.610924
-0.428716
-0.779644
-0.200819
-1.513331
-1.311680
-0.915504
-0.546166
-0.278607
0.981652
1.464997
-0.068285
-1.627814
-1.417137
-1.144589
1.553709
2.782972
2.004039
0.505907
-0.549018
-0.348556
1.103379
0.322903
1.963069
0.173982
-1.360371
-3.705363
-3.069058
-0.811471
-0.423965
1.129506
-2.103321
-4.004991
-5.273801
-5.244348
-1.616532
0.117214
2.668608
-0.068643
-1.444451
-3.121431
-0.922748
-0.710647
-0.351879
1.949528
3.359304
2.356156
-1.143282
-0.791283
-0.063416
1.226385
0.596522
0.519091
0.424377
0.391648
0.462072
0.090767
0.564679
0.424104
0.875425
-0.195620
0.213039
0.253728
-0.331568
-0.110908
0.917883
0.304147
0.074234
0.459418
0.625032
-0.143296
-0.042526
0.772614
0.871615
0.976196
1.601568
0.450573
0.141935
0.432065
-0.093285
1.214545
-0.355179
0.362254
-0.187387
0.314489
1.072747
0.204669
-0.074846
-0.242025
0.220387
0.956123
0.337351
-0.431589
-0.030347
1.049884
0.675791
1.532845
1.521414
-1.122009
-4.127554
1.087204
-1.349214
0.171677
-0.117924
-1.364310
-1.920995
0.721593
3.008069
2.061825
-1.079006
-1.139009
0.075621
1.783808
-0.845634
0.058310
-0.930236
-3.825981
-3.841079
-3.210724
1.627749
-1.409216
-0.738905
-2.488482
-0.312638
-2.946636
-3.947807
1.874657
-1.104908
1.259143
-1.416895
-2.478069
-3.694390
-3.271770
0.934920
-0.580633
1.045946
3.540804
0.346218
1.640765
-0.759730
0.973447
-1.382794
1.733046
3.223218
2.460496
2.455290
1.414811
0.915787
0.140932
-0.323584
-1.041078
-0.915928
-0.706696
-0.244487
-0.544351
-0.324322
-0.690822
-1.686860
-1.294056
-1.463140
-0.976381
-0.788469
0.140748
-1.156169
-1.491104
-0.208399
-0.003230
-0.578407
-0.358933
-0.233319
-1.773155
-2.932739
-1.078458
-2.168451
-1.364015
-1.164291
-0.427137
-1.424837
-2.731445
-1.922118
-0.879470
-0.863689
-0.593082
0.615878
-0.878918
-0.558840
-0.868396
1.353308
0.232027
-0.174435
0.157546
-1.636467
-2.372606
-2.248193
-1.658249
-1.248555
-0.197880
-4.458797
-0.582136
-0.383837
2.060399
2.112954
-0.491132
-3.459575
0.336153
-1.749098
-0.953046
-1.996594
-0.993007
-1.198191
-1.906764
2.641698
-0.753572
-0.084289
2.368007
1.112893
-2.321664
-0.081602
1.671861
-1.610743
-3.441442
0.624115
0.432700
0.205016
-0.237420
-0.130465
-2.334256
-5.391862
-3.706233
-3.660057
-3.199317
-0.846257
0.937263
-1.671859
1.815588
2.866693
1.482293
0.294678
0.212571
-1.609397
-0.742824
0.694468
1.792922
1.506638
0.335479
-2.065437
4.462154
-0.204403
-1.176078
-2.352592
-2.157117
-1.067953
2.902440
-1.781087
-3.585731
-2.592255
-2.434528
-2.918391
-2.140144
-0.563020
-1.809911
-2.128878
-0.533025
-0.303896
-1.153398
-1.655551
0.078131
-0.873352
-1.066340
1.602290
2.879030
0.390365
-1.879995
0.282824
0.665731
0.781319
3.580025
1.641063
0.145437
0.575308
0.698358
-0.996842
-0.571799
-0.406902
2.532852
-1.517428
-1.513627
1.678374
0.453135
-1.096481
-2.406290
-1.699737
-2.117173
-1.741145
0.623738
1.750703
0.154479
0.467788
0.580058
0.780576
1.171168
1.174997
-0.700769
-1.020170
-0.930181
1.945913
2.512829
0.317226
-1.159681
0.529058
0.519049
0.445770
1.056984
0.285286
1.764629
0.706687
0.298166
0.805553
1.056027
2.326149
1.944520
3.510633
2.173063
1.242794
0.028198
1.617982
2.878618
4.246476
3.180962
1.442704
0.767957
0.394596
4.711740
3.222301
2.642505
2.533281
1.279522
1.640000
0.292422
0.877354
1.402321
0.558561
0.354039
0.958030
0.147217
-0.740189
-0.146410
-0.086729
-0.039697
-0.284880
-1.159232
-0.941031
-1.078626
-0.229303
-1.441824
-1.638898
-0.975682
-1.795804
-0.227486
-1.449561
0.336352
-0.942309
-0.972722
-0.190885
-0.793410
0.151591
-1.491210
-0.228025
0.191221
-0.801618
-1.350655
-0.628968
-0.081009
0.096754
-1.455954
-0.410700
-0.799938
-0.380557
-0.416486
-0.220893
-0.030210
-1.573700
-1.283976
-1.380462
-1.168585
-0.752434
0.050328
0.964379
-0.234820
-0.633881
-1.004547
-0.825437
-0.765152
6.892150
1.341630
4.466706
1.545811
2.526351
4.127074
2.013625
-0.390179
-1.079451
1.696537
0.244545
0.623634
2.888532
-2.410898
1.613993
-1.981263
1.918718
0.535815
-0.001819
2.624898
-0.859633
0.634359
-0.870359
3.024896
-2.021809
-1.176723
0.078000
-1.887265
1.622901
1.706539
4.557799
-0.247272
4.207437
3.094532
0.519997
2.639989
0.681998
2.484171
-1.342539
4.645800
3.513801
0.988541
0.541271
-1.030904
-0.515452
1.321811
-1.502176
0.318180
-4.440161
-9.339469
-0.485760
-4.759241
-0.939820
-1.022800
-4.090271
-8.607336
1.044946
5.483922
6.252653
2.805479
2.887059
4.242948
0.963130
-0.232857
2.963747
4.061602
0.082049
0.329125
4.224298
-0.773860
1.840716
3.482605
3.131804
-2.472857
-1.494575
2.075903
-0.577131
-0.548694
6.018164
4.214044
-1.514156
3.125977
6.375723
0.037995
-0.143816
5.349660
5.042214
3.427598
3.578872
4.200991
-1.149836
-7.960740
1.781045
1.134219
-1.951666
0.311875
0.069928
-10.003777
-1.339379
1.046006
1.488071
0.637962
0.120979
0.815514
0.928084
3.388583
1.618414
2.727682
-0.951019
-1.684544
1.137172
2.743163
2.233252
-1.497817
3.200706
1.129717
1.486540
0.108557
0.507617
1.768064
-2.005245
-1.029188
4.903788
4.312270
-2.372581
-0.452576
1.007973
0.196664
-1.886942
1.648038
0.334080
-1.861138
-0.407663
1.575986
1.215723
-0.910120
1.741495
-4.127456
-2.547647
0.392371
1.912169
0.469585
-0.954268
0.165320
-0.851254
-1.032821
1.627588
1.599898
0.649617
0.854811
0.559848
0.810939
1.080425
1.936617
-0.632050
1.289575
-0.670770
-1.584354
-0.890682
0.092895
0.837061
-0.234536
-0.209886
-3.669142
-3.972565
-3.780339
-2.186788
-0.259184
-0.202344
0.190204
-3.632262
-4.199650
-3.407748
-3.056684
0.434212
-0.645476
-1.594656
-3.369672
-1.280562
-2.677564
-4.208573
-0.976310
-0.151021
-0.131799
-4.134624
-1.364535
-3.215063
-2.644176
-0.069533
1.334642
0.672333
-1.282584
-2.506215
-1.764440
-0.942831
0.506963
-0.784638
-0.354439
-0.526824
-0.470114
-0.526824
-0.464733
-1.205748
-0.232148
-0.010470
-0.201758
-1.143658
-1.459273
-0.453246
-0.114583
-0.111385
-0.114075
-0.829570
-1.275619
-1.932731
-0.981816
0.220153
-0.082085
-0.894424
-1.681098
-2.832390
-2.610784
-2.573413
-1.329711
-0.084411
-0.255124
-2.222100
-2.168952
-2.322288
-1.672882
-0.553216
-0.592041
-1.122283
-3.349035
-2.190691
-0.890206
-1.450694
-0.160825
-1.386494
-0.262612
-1.622715
-0.587461
-1.248064
-1.228360
-1.902341
-7.854634
0.659845
-4.247644
-2.084181
-3.767152
-4.709169
-2.719352
-1.682288
2.536340
0.402122
-0.647966
-0.663274
-1.930643
1.038434
-4.543979
-1.458149
0.078825
1.799264
1.871922
-2.767102
-0.295882
-1.552511
0.096188
1.496760
3.124671
1.851130
-2.495214
-0.642709
-1.816174
3.188874
-0.789850
2.136729
0.926023
-3.133353
0.526184
-3.702722
-0.519334
-0.540809
-3.994488
0.212255
-3.798227
0.085908
-3.010892
2.924066
2.144954
1.824171
-0.419945
-3.729226
2.833818
0.235053
-1.378907
-1.351870
-0.605764
0.240993
0.041103
-2.401171
-0.521994
-4.158446
-4.137815
-3.000837
-0.552156
0.118309
-0.092989
-2.438522
-4.770772
-4.522121
-1.642719
0.787837
-0.377899
-0.672496
-1.023826
-3.200727
-1.948568
1.518001
1.901058
3.404993
-0.363207
-0.293973
-6.319404
-3.837903
-1.217152
-0.650305
1.721173
-0.391807
-0.907238
-5.030049
-2.479314
-0.690626
0.639834
0.775646
0.765643
-0.605450
-2.180964
-2.775006
-0.919115
0.971315
2.299585
-1.620212
0.103292
3.658294
1.942255
1.036545
0.867834
1.623423
4.006392
3.632815
5.537713
1.529424
0.660559
0.556577
0.535230
6.417427
1.701065
0.113623
-3.529867
-0.308847
-2.215466
-6.203608
0.227417
0.738889
0.326404
-6.646223
-10.113941
-10.376135
-4.322641
0.599444
2.037971
0.147366
-1.841199
-4.775926
-5.208553
-2.516391
1.172032
2.206166
0.426944
2.269867
-1.398759
-0.618726
0.031331
2.787191
1.741864
0.710829
1.861342
-1.536484
0.411108
-0.357566
3.312781
4.684236
-2.523413
-1.701735
-2.767509
-2.428133
-1.307443
-0.380608
-1.526765
-1.075820
-1.400126
3.687587
3.636133
-1.263267
-1.846045
-2.968987
-0.169083
-1.724949
2.540738
3.883348
-2.784314
-1.664316
-4.188250
-0.542933
-0.622624
-0.304729
1.664317
-0.835536
0.245307
-4.516366
-7.022455
-4.603852
-2.802502
-4.144939
-6.744060
-2.901770
-4.088464
-4.722693
1.674191
0.760005
0.190045
-3.169424
-5.460697
0.309061
-2.236874
0.794999
-2.841828
0.319974
0.397414
-2.412192
5.056586
0.739585
1.419320
0.586531
0.556538
1.030228
4.034832
0.214518
-2.116001
-1.247032
-2.204633
-2.101071
-0.465621
-0.169462
0.030395
-0.706769
-0.966073
2.321776
1.296525
0.055009
-1.268821
-0.089574
2.864193
1.290608
2.151776
1.075148
2.023065
0.611411
1.089942
1.548837
3.508287
1.506875
0.033220
1.993071
0.613295
1.967519
-0.068189
2.161326
1.326249
1.863688
2.271880
0.920076
2.533336
-0.642346
1.472311
1.644598
2.659090
1.595910
1.274065
5.141722
1.282828
1.764971
0.507995
0.891769
1.432381
2.360931
-0.729724
-1.355174
-2.911779
-1.963279
-2.574678
-2.916291
-0.771014
0.035219
-1.764278
0.187203
-1.858141
-1.907934
-4.673630
-2.479082
0.413788
-1.053813
1.529887
0.472776
-4.146028
-0.206459
-1.203541
1.428736
0.320794
-0.027759
2.022266
-2.048465
0.938267
-1.345286
0.717231
-2.098084
0.550848
-1.196948
-1.748316
-2.753551
-1.950788
2.525406
-3.229971
-4.183157
-2.964696
-3.480847
-4.033257
-2.252669
-0.347783
0.209991
0.378616
0.556530
-0.109353
-0.635625
-1.060779
-0.776767
-0.996622
-1.610223
-0.354390
-1.414211
-3.102955
-1.226243
-1.528161
0.431283
-5.011072
-2.298992
-3.946944
-6.438594
-2.507260
-0.239483
3.680264
0.559595
-1.393720
-2.887121
-0.761830
-1.144564
0.494194
0.807410
1.623821
0.428411
-0.625378
-1.871157
-1.590689
0.747084
1.351492
2.109013
2.819807
-0.204246
-2.454500
-0.547146
-1.540896
3.016104
1.180378
3.265834
1.321329
0.326526
-1.108848
4.344760
-1.295483
0.187221
-0.527727
-0.041578
0.349589
0.943984
-0.684362
-2.460858
-0.658913
0.519246
1.564186
0.371691
-1.344588
-1.190702
-0.047314
-1.579001
-2.256793
-2.353329
0.252692
0.277305
-1.592262
-1.944958
-5.417064
-5.611810
-4.107721
-2.031698
-0.102153
-0.641350
-3.347015
-5.392690
-5.532120
-4.231379
-1.420695
-1.355102
-0.511598
-3.147250
-4.523738
-5.536421
-2.893363
-1.451759
-1.490111
1.464902
1.135027
-0.273483
-0.584718
0.085664
-0.085067
-1.272067
-0.971809
0.518200
-0.052868
-0.171258
-0.179487
0.240972
-0.409903
0.470301
-0.343371
-1.206417
-0.961174
-0.621219
-0.800551
-0.303933
-0.502751
-1.972887
-1.241274
-0.593271
-0.496776
-2.026763
-1.088647
-1.080262
-2.445672
1.860784
1.935079
2.793000
0.227307
-1.646207
-0.033925
-1.744956
-0.234065
0.510049
-0.909237
-1.229552
-1.083834
0.458267
-0.794573
-1.064425
-0.502518
-1.074364
-1.900379
-0.286077
-0.381411
-0.226300
-1.006979
-1.098740
-1.875768
-1.001854
-1.158672
-8.105341
1.749476
-1.414419
-0.140786
-0.549619
-1.096369
-2.541734
1.035504
4.871361
2.597472
1.883704
2.066911
2.931915
1.883706
-0.632000
2.103594
-1.574877
-0.347970
-1.084073
-0.485476
0.989806
0.041805
2.300120
-3.221071
-6.941550
-5.549879
0.386906
0.355756
-2.499311
-0.735285
-1.590451
-2.690920
-2.563658
-4.196735
-0.618270
-2.225526
-0.837134
-1.683283
1.020751
-0.311902
-2.901383
-0.947386
-3.157133
1.128747
0.341206
-0.672779
1.543729
-0.521339
2.018137
6.484419
1.871634
2.886743
2.558609
3.645419
3.839937
4.876811
1.870453
-0.240407
-2.446756
0.089752
1.793523
2.416389
3.313910
1.209460
-1.659569
-3.005175
-0.147281
-0.550154
1.491368
4.131631
1.164246
-2.110354
-3.774985
-2.755658
-1.695334
-0.409621
2.525710
2.957431
-2.591169
-4.140741
-4.943618
-4.080175
1.497273
2.495680
2.634864
-3.350519
-6.451350
-2.992523
-2.488427
0.340788
3.511127
2.919135
2.050801
1.816130
0.780775
0.477272
2.208543
2.955070
-3.007813
0.010628
0.218380
1.596832
1.229020
-0.033307
-1.190140
0.036550
2.675772
2.127553
-0.081390
-1.395041
0.224212
-0.717089
1.866924
-1.106286
1.294598
-2.667088
-3.482417
-0.005833
-1.924596
1.845410
-1.697661
-3.174351
-4.572244
-5.361652
-5.494235
-4.017155
-0.070892
2.971394
2.466465
-3.900385
-4.792568
0.546533
-1.339182
0.831790
2.272968
-0.600836
-0.143211
-1.556136
0.414210
-1.388951
-1.087753
1.567801
0.723053
0.139453
-1.286823
-0.564029
-3.016107
0.018543
1.684318
0.641885
0.297785
0.207690
0.455815
0.185348
0.554142
1.617107
0.965452
2.699069
2.328374
-0.258981
0.906112
0.007960
1.343293
0.154953
1.743387
2.084773
-0.527548
0.954689
-0.695347
1.139582
-1.658176
-4.489313
-3.661084
-1.054825
0.614206
-1.234293
-1.311362
-2.903865
-5.097819
-3.497175
-3.365741
-0.494351
0.129806
2.038277
-0.442066
-2.178487
-1.495081
-0.731439
0.321214
0.142199
2.047866
-0.180372
-0.452830
-0.777572
0.041249
0.809866
2.511134
0.243443
0.310594
-0.559959
-0.647835
0.352582
0.656985
-0.759665
-0.062711
0.558882
0.708528
0.724542
-0.768682
-0.987498
-1.625643
1.556337
-1.965306
-0.075360
-1.013471
-2.143479
-0.387840
-0.771373
2.405898
-2.588109
-1.524579
-3.570090
-1.888868
1.024236
0.262013
3.295964
-2.835455
-0.752398
-3.738306
-0.641106
0.602485
-0.286102
3.817706
3.600502
0.038219
-1.383949
0.699511
-0.526720
-0.585123
1.139834
0.062576
-0.474505
-0.777025
-0.019110
-1.567239
0.072051
0.611921
0.415159
0.320267
0.294842
0.241579
0.159875
0.754473
0.644327
-0.302168
1.197642
1.168770
-0.401282
-0.006292
0.569690
0.989589
-1.362947
1.185489
1.900661
-0.936154
0.489709
0.886337
2.336850
0.979160
0.187282
0.289930
1.421209
1.738546
0.985883
0.169010
2.644016
4.393509
3.024529
1.316148
0.458683
0.263729
-0.006808
1.955735
1.163425
1.951080
0.718016
0.766625
0.842297
-0.115404
-0.192626
0.144793
-0.053177
0.458424
1.136364
-1.403035
0.344011
-1.191076
-0.353106
-0.289159
-0.035890
-0.472387
0.353976
-0.580641
-0.557615
-1.345184
-1.777521
0.783989
-0.341980
-1.149090
-5.067103
-2.311532
-1.590423
-2.769407
-0.039664
-3.750942
-1.616639
-4.432385
-4.586688
-3.450658
-2.721617
-3.018225
-4.866560
-2.183349
-0.398090
1.080113
4.094274
2.691238
0.953963
-2.409626
-0.308314
-0.193773
0.533527
3.312607
2.224367
0.133502
-1.118809
-1.675555
-1.239157
-2.550287
-1.224451
-1.550179
-1.346926
-1.567108
0.247842
-1.765456
0.043674
0.286784
0.656046
-0.671731
-1.486785
-0.260552
-0.833444
-0.062603
-1.228395
-1.190671
0.742040
-0.270693
0.228102
0.185511
-0.086130
1.708801
1.723540
1.073175
1.356983
0.575190
1.476916
6.052336
4.709141
4.325279
2.870132
1.477322
1.305061
-2.122008
2.806581
3.775509
5.889132
0.959190
0.822897
0.607235
-1.745850
2.790627
-0.919843
0.797206
-1.229883
1.558311
2.689355
1.284914
0.831009
0.238379
-0.801264
1.504633
3.323362
-4.183088
0.935045
-0.346715
-0.169518
-0.040677
0.538751
-3.150280
1.694814
2.018831
3.072242
-1.431026
0.103175
4.013048
0.315115
0.171261
-0.029851
0.054119
-3.446890
-1.948478
1.903959
-0.843393
-0.214384
1.679276
1.549041
-0.743532
-0.779495
1.172822
-0.364347
-0.625342
4.590730
1.705463
2.453534
1.011861
4.001003
1.348973
-1.088501
2.900457
0.718392
-0.256632
-1.290139
3.303210
-1.307597
-3.425941
0.050976
2.241073
0.338857
1.391047
2.296238
-3.706838
1.995569
1.325353
1.361714
1.045304
1.058733
1.016379
1.427414
0.284595
0.739636
2.432533
1.800849
2.341526
1.042515
0.119519
-0.687780
0.380974
3.446124
1.731429
2.948420
2.092984
0.281393
-1.311407
0.471054
3.027340
3.274849
4.571795
1.223394
0.010743
-0.824446
0.193792
3.354187
3.546534
3.030027
2.531806
0.385828
-0.218896
0.856366
-1.816859
0.491610
-1.100570
1.816240
0.221271
1.073919
1.888653
3.049964
3.446020
3.079818
2.144324
2.386152
0.029139
-0.331276
-0.394559
-0.739816
-0.805821
-0.351070
-0.643347
-0.684408
-1.059981
-1.586624
-0.704054
-0.496841
-0.540256
-0.757771
-1.183897
0.166889
-1.390301
0.722524
-0.275499
-1.114066
-0.802069
-0.446436
1.686036
-0.688307
-1.179997
-1.809143
1.921285
0.546069
-0.000294
-0.495075
1.303251
1.594645
2.154253
0.780214
-0.882864
-0.568659
-1.397880
0.815682
0.879037
1.551009
0.674474
-0.286464
-0.518475
-1.742475
-1.192654
-2.217462
-0.176529
-0.662332
0.222151
5.852545
5.813448
5.633527
6.517889
6.620936
5.735912
5.169315
1.640489
4.347909
5.785614
5.334324
4.768717
3.499004
0.685551
-1.678924
0.831345
3.086147
8.978786
2.944664
4.554999
0.906892
-4.712058
-4.602382
-3.209074
10.477461
0.767394
-6.173954
-4.578859
-1.975147
-3.750825
0.702450
10.264734
2.230284
-2.075877
-2.233265
-0.156725
-2.700130
6.740554
10.292566
5.025179
-0.951624
-1.383697
5.057317
4.955266
10.474810
10.959566
9.624578
6.464211
2.669315
2.856880
0.645649
-0.645422
-0.474561
1.111385
2.150353
2.900104
-0.243731
-3.978446
-5.925352
-3.777488
-1.477095
0.082374
1.948262
-2.294962
-6.653830
-8.453409
-3.784957
-2.303110
1.283604
2.762510
-4.253409
-5.464821
-5.580690
-5.512798
-2.199914
0.799309
0.633655
-2.662030
-7.048279
-1.157326
-3.942240
3.311526
2.543217
1.759523
-0.635238
-5.451470
0.617814
-0.194396
8.579687
4.725029
1.877655
2.168230
-4.179634
-1.333166
-2.100114
1.197608
-0.115189
1.996466
-0.652361
-1.069456
-1.238897
-1.126995
-0.981484
-0.844647
-0.577398
-1.231618
-1.173925
0.024239
-0.547351
-0.456591
-0.484392
-1.213730
-0.336790
0.635014
1.950733
0.110507
-0.447298
0.975754
0.077750
0.067064
-0.381706
0.369857
2.737841
2.474620
-0.841859
0.226282
-0.340584
0.694721
0.962046
2.391991
1.862528
0.579799
0.596759
-1.051723
-0.448770
-1.205753
-0.697664
-1.781680
-0.205992
-0.196699
-1.903959
-1.308206
-1.259419
-0.530624
-1.076118
-0.626341
-0.926424
3.017206
0.408611
1.319736
-0.136345
0.075440
0.861362
1.015213
-0.102074
2.102049
2.153721
2.741439
2.493684
1.656727
-1.240370
0.838443
2.598410
1.653012
1.489186
1.998490
0.400759
0.253271
1.114954
3.141243
3.025165
2.927122
3.084159
-0.009868
1.694712
0.820511
0.954521
2.576446
1.641446
1.340214
-1.853022
0.843004
0.617850
1.531947
3.002352
-0.670902
2.207730
0.497738
-1.331619
-0.638966
-1.711157
0.974683
-0.571482
0.732976
-0.004988
-1.417778
0.637675
0.609078
0.291424
-0.635063
-0.802903
0.300125
1.149404
0.491589
-0.640780
-0.313801
1.084007
0.736265
0.286450
0.021260
0.068132
-2.393171
1.150771
3.508259
3.079082
0.546913
1.313019
-0.566807
-1.445426
1.738714
5.402505
4.756503
-0.374347
1.023461
1.232453
0.518817
4.052192
3.787496
5.197615
2.199468
3.149327
0.835104
-0.827272
2.551313
0.270659
1.915133
-0.218691
1.337633
0.225530
-0.515583
1.721184
1.353301
0.565688
0.535851
1.911155
2.127348
1.496148
3.120505
3.484966
3.509046
2.601256
2.775277
2.623614
0.522689
2.583433
-2.947892
-2.300432
0.401203
2.342491
1.839813
-0.055036
1.981157
-5.834025
-4.339909
2.026499
-2.494780
0.998630
-1.445490
-0.633701
-2.344367
-0.373529
-0.595707
-3.562519
1.594024
-0.185280
-3.699483
-0.621819
-0.908571
-1.529764
-3.306412
1.530858
-1.174999
-2.261970
-1.250204
-2.246958
-1.435640
-0.414806
1.912674
-0.555838
-1.306648
-0.300825
-1.681740
-1.025681
1.213617
0.958845
-0.149138
0.624304
0.589556
0.628035
0.352147
-0.104944
0.392610
0.271924
1.187157
0.720154
1.309358
1.830818
-0.621856
0.495223
0.651940
1.718994
-4.093072
-2.068224
1.704300
0.227498
0.359845
0.277637
3.635981
0.284166
1.036736
2.680285
-1.084195
0.598302
-0.375118
1.232634
0.426659
0.439485
-0.005246
-1.907076
0.368239
-1.661739
-2.960837
-3.049574
-0.743942
-0.806090
-1.054109
-0.980998
-2.825458
-3.315783
-4.233815
-2.978328
-2.409645
-1.150541
2.168287
0.600833
0.423828
-0.047652
-0.134923
0.512062
0.351549
1.495175
0.902159
0.868001
1.321382
1.738999
0.686284
0.729973
1.108612
0.622892
0.290618
-1.651621
0.986539
0.653624
1.249210
0.846477
0.873676
1.871030
-0.178719
0.716266
2.251489
1.854647
1.190100
1.321382
2.143445
1.211838
2.854464
1.345261
1.582339
0.925289
1.113966
0.363862
1.287651
2.135735
1.422681
0.820670
1.328558
0.560998
1.546039
1.419254
2.454944
1.870923
0.967371
1.867813
-1.029351
-0.410086
-0.347711
-0.712704
-0.088555
0.580060
-2.180076
-2.297816
-0.706191
-0.118367
0.459063
-1.144711
-1.424783
-0.732370
0.159701
1.486659
1.514466
3.014780
-0.511544
1.518975
-0.977120
0.318150
0.660473
-0.274937
0.366874
-1.617928
0.818422
0.345330
-0.084172
1.215983
2.501733
3.169471
2.309590
3.071269
-0.678009
-1.245167
-1.181912
3.227089
1.688823
0.774331
0.209178
1.190430
3.386038
4.880589
5.822388
6.009770
4.847649
2.327753
-5.002374
0.265601
-3.108093
-2.141444
-2.986389
-3.163575
-2.741730
-0.771387
0.974345
0.969154
2.856990
2.227710
-1.034838
-0.105417
-1.620267
2.022248
4.427143
1.697407
1.277170
-0.121703
-1.598433
-2.481500
3.342909
5.663508
2.653495
1.368448
0.070159
-0.765660
-3.295840
3.376380
4.755205
5.295714
3.885027
1.826270
-1.830563
-0.682972
4.635831
4.468131
5.063583
5.027430
1.224733
-2.526958
0.899177
3.689227
3.641083
2.581904
3.855316
2.381094
2.438006
-0.583301
-0.449589
-0.225182
0.818251
0.585112
-0.432252
-0.152602
-0.150596
-0.152602
0.335024
-0.614740
-0.688033
0.276610
-0.249053
0.736678
0.117087
0.572498
0.217872
-0.096257
1.498650
1.376970
1.156251
0.036679
-0.101820
3.103714
2.486323
-0.141798
1.169966
0.193032
0.412651
1.141243
1.848813
2.323306
0.803955
0.769799
0.244460
0.334507
-0.350161
0.876989
1.002680
0.215026
0.178930
0.141540
0.383023
0.752721
0.587312
-0.494677
-0.951187
1.051780
0.998708
-0.738336
-0.131788
0.283657
0.257418
-0.231178
-0.222404
-2.332201
-1.589140
-0.410468
0.968080
1.407656
-0.313525
-1.013219
-0.852745
0.341452
-0.961246
1.230393
-0.044380
-0.716232
0.427089
-0.147734
0.829374
-0.268049
-1.696461
-0.858313
0.846248
0.552634
-1.251483
-0.401440
-0.317659
-0.795371
-2.184635
2.741403
-1.236804
-2.097142
-0.960571
-0.184773
1.433728
-0.789381
-0.472735
-1.586018
-0.573728
-1.227608
-1.112102
-1.945104
-1.236889
-1.481313
-0.677673
0.172500
0.067252
1.036201
0.916928
0.970993
0.378253
0.828034
-0.548616
-0.879215
1.120177
-0.014026
0.080351
-0.064558
0.025268
1.508926
-0.256566
0.076636
-0.621348
-1.851786
0.721209
-0.648009
1.875567
-1.070200
-0.934857
-3.448495
-3.527081
-0.592553
-1.514315
1.775338
-0.135806
0.185690
0.404634
0.141473
-0.373143
0.057220
1.575808
-0.358653
1.707621
-3.331823
-0.441326
-0.220987
0.152528
2.448056
1.696660
0.972757
-0.446807
0.937738
0.356147
1.691830
-0.734439
-0.954908
-1.546475
-1.754751
-1.919075
-1.362524
-1.365197
-0.360078
-1.378955
-1.170160
0.586807
0.629389
-0.905545
-0.873332
-0.889243
-0.560268
-0.153043
0.743047
1.583645
-0.942844
-1.516741
0.007695
0.655994
2.258223
1.720777
2.771345
-1.077368
-0.065273
-0.584981
-0.857421
1.588340
1.386586
2.868376
-0.452348
-0.299174
-0.835316
-0.897133
-2.691921
-1.201721
-0.387206
-1.949006
-1.733819
-1.668545
-1.471030
-3.159920
-3.245929
-3.517195
-2.655209
-3.019723
5.212029
2.276336
3.781574
2.272748
2.481555
3.778857
2.907540
2.852213
1.920244
1.918939
-0.143480
-0.243916
3.029173
2.025680
3.109282
0.069349
1.611870
0.494137
-0.081741
0.686423
0.836207
1.810568
-0.880883
-0.117285
0.372831
0.871208
-1.230779
-2.260358
2.374380
-0.876209
-0.509464
-0.270873
0.303482
0.705010
-2.077203
3.285698
-0.178698
-3.459397
0.954470
0.730009
0.329678
0.204350
2.797648
-0.581530
-3.130913
-0.548595
-2.007855
-1.080559
0.414027
3.168685
-1.099707
-0.637062
-1.096079
-1.127213
-0.734096
0.397957
-0.872693
-1.921161
-1.383248
-2.664325
-1.901664
-0.088568
-1.198703
-2.709366
-2.286168
-4.044703
-0.912140
-2.534645
-2.510462
-0.489094
-2.327732
-4.151408
-0.701447
2.488396
3.151758
-3.251208
0.047611
-0.346417
-0.495745
2.527392
5.703484
5.054631
-1.504766
1.351359
-2.280879
0.017684
-2.066258
0.572676
-0.774601
0.740746
0.223993
-1.414989
0.783065
3.439682
2.149236
2.260928
2.275136
-0.563003
2.664427
0.721618
0.423116
0.337853
0.231622
0.487666
2.609110
0.860297
-0.367971
-1.177094
-0.095616
-0.818269
-0.728866
1.635073
0.372977
-1.492941
-0.096738
-0.572409
-1.149134
-0.029082
-0.032447
-0.463502
0.059545
-2.489587
-4.222953
-4.812623
-2.199974
-1.769092
-0.375478
0.412588
-2.035924
-1.962572
-2.641644
1.106158
-1.627134
0.916649
-0.139714
0.625051
0.088282
2.005633
1.722148
0.033311
2.125931
0.958590
0.510017
-0.499316
0.164568
0.100710
1.753561
-10.938019
-3.704519
-5.000298
-1.127092
-1.356362
-4.130093
-13.352751
-4.866932
3.045818
5.791721
4.669340
5.081644
4.832678
-5.687040
-4.038900
4.644725
1.005069
1.821326
2.922300
2.337454
-2.585137
-3.031689
2.594340
2.687034
-2.046103
-0.560013
-0.108535
-1.374343
-5.847807
3.665987
-2.478741
-1.603615
-1.368563
-1.206297
-1.299847
-3.935504
5.027699
2.763458
2.911167
1.221708
3.384479
-2.706299
-15.320503
0.174467
2.555807
1.513918
2.912237
3.135299
-16.474140
2.242319
3.051639
1.358185
-0.310656
-1.297692
0.338748
2.134131
-0.496439
0.371148
-0.185642
-0.179385
-1.432997
-3.044267
-0.549140
0.073841
2.545049
-0.850202
0.464596
-1.729331
-4.543595
-2.683688
0.631048
3.115188
-2.192395
-1.915112
-4.157013
-4.245453
-1.092720
1.406856
2.693284
1.133327
-1.240263
-3.450040
-4.786949
-1.225940
2.504999
3.200569
3.688805
0.154354
0.372678
-2.031226
-0.351956
1.911358
1.421594
3.137853
1.214954
0.011543
-1.482919
0.859520
0.467701
-1.137136
0.771505
-1.304809
-1.394410
-0.062562
-0.426203
-1.776914
-1.136194
0.324236
-1.436014
-0.913293
-1.297265
-2.446348
-0.156460
0.251405
-0.691546
-2.925369
-1.915349
-2.582057
-1.668450
0.900614
0.831972
0.019073
-2.022554
-1.649691
-3.179287
-0.287035
1.179999
1.098886
-0.822960
-3.570700
-2.760734
-2.941402
-1.337191
0.750441
0.659477
-1.331532
1.015260
0.674359
-1.976654
-1.044286
-1.586605
-1.336983
-1.096162
-0.260942
-1.844926
-2.168534
-1.346204
-1.286222
-0.759339
-1.177193
-0.111827
-0.181270
-0.880630
0.306296
-1.253700
0.433584
0.183937
-0.110362
-0.203930
0.191267
0.842643
-0.129555
1.463896
1.161066
-0.691495
-1.309014
0.697759
0.603792
-1.181859
-0.788527
-0.656573
-2.231764
-1.727670
-1.424708
-4.263995
-1.265564
-0.540881
-1.484154
-1.129876
-1.605047
-1.343669
-2.143927
-1.625839
-0.206062
-1.120546
-1.842431
-0.451444
-2.342258
-0.453577
0.843442
1.102153
-1.764592
-0.414923
-1.743931
-1.822838
0.503026
0.843584
-1.998090
-0.408849
-1.173531
-0.833498
-0.491283
-1.156066
-1.249312
-2.457356
0.129214
-0.922274
-0.365293
0.257597
-2.176475
-0.324126
-2.115662
-1.094734
-0.021206
0.238783
1.447241
-0.115595
-0.282857
-3.143553
-3.285450
1.157938
2.293628
-1.778021
-1.493083
-0.177345
-0.477354
1.681446
5.234682
3.801162
1.750472
-0.305415
-1.110847
-1.012506
-2.966210
1.776462
0.351156
1.812846
-0.983191
-1.384764
-2.622643
-2.124081
-0.532552
-0.220277
-0.490972
-2.360161
3.283471
1.700888
1.396095
0.114919
0.023855
1.058848
2.400572
1.662865
-0.759140
-1.023005
-2.905050
-2.635374
-1.373693
1.291833
2.575796
-0.906512
-1.813023
-2.238670
-1.605468
-2.771121
-1.632956
2.434114
1.426126
0.433639
-2.050731
-3.738058
-0.180430
-1.002540
2.655597
0.020585
-3.208876
-3.706331
-4.995136
-0.738312
-0.902153
2.858793
1.963906
-0.316176
-4.720616
-1.622543
1.295587
1.767490
2.515006
0.838456
-0.994063
-2.176911
-2.075434
0.165778
1.123634
1.900567
1.575171
1.151613
0.965883
1.204742
1.857151
2.938416
5.426637
1.740739
0.342907
1.828011
1.553242
2.266875
3.394205
3.832628
-0.977951
-0.926736
6.851547
4.687544
0.839463
2.696908
1.958993
-0.982955
0.409430
2.740324
2.658646
-0.994730
3.491191
1.389000
-2.386820
3.074403
5.399999
1.489076
-2.038907
1.264051
0.859038
-1.509827
2.904861
-1.669655
1.248304
0.026048
-0.242097
3.609222
-0.794724
0.216488
-0.666243
2.531783
0.576174
2.293808
-0.904009
-1.770805
-0.911437
0.139587
0.168931
-1.014840
-1.551348
-1.005721
-0.263657
0.891286
-1.224737
-0.534816
0.872679
-0.671829
0.146132
0.345585
-0.969169
-3.606769
-2.429837
0.233209
0.112229
0.951445
-1.121554
-0.427956
0.418761
-0.170917
-1.038007
-0.254538
0.034272
1.124054
-1.935176
1.484055
-0.385374
-0.963801
-0.087224
-0.853999
0.193716
-3.074455
1.220030
-3.182639
-0.769790
-0.204233
-0.210117
1.224956
0.401554
1.186567
0.787073
1.242756
-1.355500
-0.717667
-0.956921
-0.269983
1.071004
0.745577
-0.455015
-0.643148
0.564116
0.630649
1.525925
1.916193
1.465030
0.530287
-0.403612
0.652075
1.614447
1.297290
1.002592
1.365043
2.351379
1.349538
0.513371
-0.623226
-0.783261
0.281541
1.492189
-0.296108
-0.821132
-0.120002
0.429924
0.798015
1.551392
2.908353
0.153175
-0.106566
-0.541846
-1.202942
-1.288833
1.275770
-0.469017
-0.873662
-0.657808
-0.499465
-1.627885
-1.134248
-1.023548
-0.164829
-0.018795
0.546073
0.121544
0.495620
1.098358
1.771882
1.725799
0.982833
0.686603
0.747428
2.435028
2.627567
2.119907
1.677013
2.812738
1.573426
2.142119
2.801115
1.469631
-0.663353
-1.032966
2.236987
2.224531
1.619304
1.519557
2.271033
1.293699
0.266857
1.870073
0.761440
0.910385
2.428384
0.552292
0.382380
2.457966
3.244316
2.088354
0.936334
2.217267
2.609611
1.126693
3.362437
3.504116
1.269930
1.540628
2.372960
2.696177
3.862312
2.720983
2.989293
1.787868
0.030384
-0.272911
0.339866
0.607060
0.785529
0.357094
-0.209245
-0.369781
-0.977937
-0.538695
0.563128
0.248399
-0.486384
-0.252707
-0.282230
0.022553
-0.107050
-0.375732
-0.147928
-0.660311
-0.792185
-0.658119
-0.079955
-0.210967
-0.961413
-1.384366
-0.107207
-0.765717
0.067816
-0.348481
-1.382800
-1.344428
-0.873157
-0.173614
0.154114
0.335089
-0.008380
0.304705
0.290452
0.170950
0.857261
0.779969
-0.007283
-0.062100
2.002155
1.139412
2.053605
1.441063
0.125296
2.304349
-0.740965
-0.041628
-0.834434
-0.742252
0.123680
0.783537
-1.077416
-1.823187
-0.960002
-1.223755
-0.993732
-0.659771
-1.692726
-0.434726
0.659169
1.080077
-2.574623
-2.134662
-0.033130
-0.841042
0.060423
-1.084969
-1.571707
-0.321259
-0.869537
-2.286494
-0.130118
0.148399
-1.779758
0.175264
1.784564
1.592392
-2.239117
0.279031
-0.401424
-1.230879
-2.568014
-4.009262
-0.348124
-0.805595
-0.723284
-0.412325
-2.225384
-1.844044
-2.512054
-2.117239
-1.990984
-1.644233
2.693557
0.172326
1.602323
0.679530
1.109031
1.695443
2.143116
-1.082086
-3.169932
-0.326607
-0.914647
0.559466
0.684545
-1.263310
-0.132723
-1.233108
3.423970
-0.088483
1.522240
1.786305
-1.153523
-0.157413
-0.524375
2.373843
0.507705
3.633395
3.794943
0.511965
0.291137
-0.526381
0.759865
0.085726
2.856610
3.897463
-0.090989
0.713619
0.946229
1.508577
2.438388
1.845709
1.447669
-0.523246
1.383251
-1.371093
0.047123
0.608344
0.936078
-0.390524
1.063663
-2.908957
-1.327050
-1.518062
-1.991682
-2.016438
-1.593503
-1.804188
-1.522491
-2.506215
-3.890073
-0.246258
0.183194
-2.365237
-1.670897
-2.248363
-3.711960
-2.132660
-0.488996
1.096037
-4.782589
-4.081866
-3.007588
-2.860095
-0.330818
-4.708714
-4.081605
-0.335899
-3.093974
-3.471179
-5.856606
-4.904417
-3.783624
-1.237536
-3.888251
-4.526299
-0.913887
-3.140618
-1.343206
-4.064536
-1.302163
-2.832603
-3.246939
0.168471
-3.649420
-3.524205
-5.092169
-2.292401
-1.507899
1.407440
-1.716771
0.344359
-0.004510
1.038617
1.268705
-0.098039
0.022030
-0.492642
0.760991
0.209345
-1.101228
-1.029728
0.391639
0.864956
0.624947
-0.697866
-1.111533
1.318046
0.371541
1.418404
1.228124
-0.113885
-2.672037
-5.768693
-0.870882
-2.607235
-1.672326
0.479758
-0.613482
0.002190
-5.855652
-1.537055
-4.003739
-0.671713
0.155110
-0.810204
0.217076
-1.616028
-3.207964
-3.947956
2.099264
1.792265
1.802313
0.229317
3.168414
0.456826
1.968244
1.416471
2.085865
-0.241282
0.826011
1.051540
1.734381
1.789170
1.079687
-0.749445
1.744458
3.620968
2.924228
3.568843
3.286208
2.606957
0.662569
1.290389
2.332199
2.073427
2.035897
1.802028
2.233162
1.071000
2.355597
0.974975
-0.121625
-1.863767
0.032782
0.086644
2.430891
1.288884
-0.175720
-1.666386
-0.105292
-0.479206
-1.543486
0.893195
2.045279
2.042846
0.080505
0.148152
-0.761029
0.658052
0.525191
0.632106
2.027556
0.501561
-0.239545
0.581834
1.668703
-0.655852
-1.656253
-2.157964
-0.720441
-1.494727
-1.638509
-1.206244
-1.095960
-3.997156
-0.955083
-0.703770
-3.600991
-4.001592
-2.900279
-3.668598
-4.421162
-3.530475
-0.096365
-1.208691
-2.252340
-1.520577
-3.218128
-4.534812
-3.519309
-1.047167
3.732843
1.027433
-2.677874
-6.800152
-3.536133
1.513848
4.710563
2.328361
2.079647
-0.141945
-3.448181
-3.542100
-0.551727
0.314792
1.188347
1.024070
-2.529197
-4.408619
-1.905732
0.117321
1.768832
2.421667
0.949119
-1.041048
-2.493558
4.638018
0.724515
2.024281
1.801132
1.927222
1.703451
4.426705
1.738088
-1.678532
-0.668822
0.449411
0.078993
-1.464604
3.474681
2.095674
-0.447294
2.853953
-0.367428
-0.254546
0.969965
3.438549
1.545092
-0.782950
0.681405
-0.213431
-2.012444
-0.956260
2.565020
2.839003
-0.763887
-0.995134
-3.536232
-1.705570
0.788805
1.502979
3.816068
1.580975
-0.521176
-0.248814
-3.094670
1.510081
3.309221
4.756007
2.136913
0.983421
2.113989
2.145388
2.596667
4.874621
1.852167
-1.332167
1.107587
1.267131
0.802672
0.332970
-1.394227
-3.102155
-4.257351
-0.007227
-3.039812
-3.635616
-2.524486
-5.807153
0.874508
-0.968449
5.019217
-1.403437
-0.276720
0.785810
-4.655782
0.296697
-0.192274
2.670142
0.264109
3.558962
-1.272374
-3.374057
-0.941670
-0.872667
-1.737683
-2.247341
-2.556649
-2.770600
-3.620881
0.639303
-0.418269
-3.848009
1.532091
-2.909740
-2.984978
-2.797381
-2.320311
-5.579598
-5.025451
-4.671652
-4.640054
-5.008731
-6.552582
-1.311588
-1.324155
-1.012839
-2.055912
-1.799679
-0.687918
-0.006992
-1.423927
-1.723150
-2.125451
-1.556768
-1.501496
-1.852116
-0.181404
-1.262364
-0.347407
-1.239216
-0.026077
-1.025027
-2.297973
-1.409565
-1.320281
0.764448
0.902391
3.674566
2.239300
-0.729678
-0.136620
-1.483451
-1.353822
0.474202
3.078295
0.856945
-1.247909
-0.916941
-0.913728
-2.689504
-0.792320
0.410994
-1.498756
-2.543151
0.155233
-1.352121
-1.423927
-1.203597
-0.816885
-1.807332
-2.106838
-0.264548
-0.264933
-1.199875
-0.587486
-1.064313
0.019655
-0.053174
-0.981654
-1.517851
-1.136872
-0.323897
-0.079022
2.585528
3.089550
-0.149429
-1.594718
-0.081041
0.077139
1.996967
2.517813
3.905755
3.817714
-0.471442
2.488063
4.016683
4.298176
6.981439
4.535511
4.427278
0.060581
3.024258
4.204480
7.535404
6.937283
8.020845
4.514915
0.059906
1.568468
2.028736
5.558497
2.359500
5.545168
4.860890
0.655738
-0.983540
0.558004
2.354924
2.538275
2.839290
0.947059
1.858313
0.491206
0.607917
-0.176313
-0.443441
0.384955
1.893473
0.534512
-2.252788
-2.486985
-2.099545
-2.229377
-1.333408
0.045792
0.652683
-1.996467
-0.423973
-0.640934
0.734921
-0.483830
-1.092949
0.536569
-1.026062
1.510404
-0.419428
2.201677
-0.232911
-1.044926
0.694874
-1.345413
-0.500554
-2.333312
-0.281534
1.633206
-0.826594
0.920323
-2.326451
-0.760389
0.620009
0.782343
0.308118
-0.204869
1.672998
-0.497466
0.471738
-0.026499
0.939447
-0.060029
0.643078
-3.273261
-0.567337
-1.490138
-0.914140
-0.979358
-1.151336
-1.962992
-1.960034
0.389004
0.923677
-0.038034
0.002521
0.819219
-1.255355
-1.579030
-0.279285
-0.576216
-0.545526
-1.034930
0.382318
-1.946112
-1.376802
1.000842
-2.854773
-1.282976
-3.736908
0.311728
-0.802121
-1.660799
2.933800
-0.533250
0.433394
-1.011583
4.365955
0.991635
-1.625506
0.818452
-0.324554
1.634382
-2.183635
1.390831
-0.772418
-3.539392
-0.192694
0.490611
2.681809
0.891999
-0.127804
-2.071067
3.280550
1.074918
1.484853
0.606391
0.945905
1.339294
1.429729
0.551649
-1.594049
-1.670918
0.219063
0.476223
-1.411640
-0.116891
-0.174904
-2.208136
0.410225
3.466807
2.016300
-0.629481
-0.145464
0.277267
-0.600811
0.169805
-0.149601
0.651608
1.618390
0.944846
1.499382
0.143445
-1.103683
-1.361709
0.809579
1.668033
0.698653
1.523914
-0.028959
3.083327
-0.046275
0.594461
1.839087
1.763180
1.351608
0.809868
2.812602
4.293899
2.706870
1.286764
1.199986
4.717575
0.208153
0.448178
0.394487
0.215030
0.616923
2.663413
-0.622874
-1.758593
-4.384845
0.051708
-0.827324
-3.836955
0.651968
-0.258935
-1.808317
-3.128122
1.238738
0.902572
-3.317232
0.800479
-0.330877
0.169273
0.701427
-2.337165
0.867923
3.246347
-0.312627
1.580591
-1.418062
-0.082917
-1.884754
2.414792
1.573980
0.166893
-0.010977
-1.568424
-0.455319
-3.711057
0.089133
-1.183592
0.143883
2.180982
-1.374421
-1.625952
-1.368339
-1.113105
-1.665228
-0.235660
9.599121
1.836136
3.082758
1.434488
1.805447
3.399390
3.879419
0.270391
-0.354993
0.576449
0.760788
1.298255
2.175785
-0.641973
1.067053
-0.790440
0.968559
-2.628027
0.747517
2.206887
1.206189
-0.453280
0.219381
0.400405
2.035403
3.132731
1.168865
1.914308
0.871724
0.964826
1.723541
0.312278
-0.719525
3.300274
1.860190
1.124490
0.563386
-2.658923
-1.492754
2.196727
2.212901
0.669967
0.838963
-2.328190
-0.331770
-0.337368
-0.108240
-0.623933
-2.918324
-1.144021
0.272177
-0.842229
-0.594583
-0.463648
-0.750197
1.737730
0.290033
3.285303
1.831797
-0.387872
-0.034548
2.146217
3.630788
-0.666727
2.019926
-1.800443
-3.482433
-2.741526
-0.267679
3.830095
0.184938
0.336049
-2.399671
-2.719608
-0.127455
-2.337976
3.308094
-0.074758
1.264359
-0.684003
-0.836857
0.846438
-0.160841
4.180661
-1.852408
1.113826
-3.222883
-4.222613
-3.578240
-2.435526
1.588360
0.257661
3.711208
-0.410518
0.693582
-1.240263
0.114968
3.837934
0.744692
0.941956
0.714719
0.484307
0.823048
1.100571
0.644333
0.678256
0.911629
0.854150
0.093730
0.687848
1.787573
-0.045631
1.687989
0.562593
0.661259
1.245432
1.258481
2.320191
1.436490
1.638691
1.078990
2.609916
4.462938
3.990761
1.201636
0.215671
1.022921
-0.598913
0.423302
1.413076
1.561957
0.451653
0.720854
0.585725
0.468228
-0.069328
0.651103
0.305451
0.618872
0.817759
0.312927
0.594189
1.152549
0.444742
1.064814
1.080401
-0.487693
-1.905285
-0.980163
-0.793597
-0.623532
-0.245582
-0.729281
-1.555277
-1.594060
-0.560300
0.002771
-0.011081
0.773484
0.899949
-1.031111
0.030954
1.650789
0.882365
1.379914
1.826395
2.668170
2.322620
-0.765173
0.761440
-0.511521
-0.242210
1.568648
1.342456
1.370760
-0.977514
0.688211
1.820974
0.897298
2.882678
0.795043
1.237189
-1.728715
1.274164
1.575151
3.803464
2.799091
2.379829
-0.005540
-0.297613
0.714828
-0.929458
0.100690
-0.580173
-0.474785
1.311743
-0.053062
-0.728009
-0.443720
-0.488612
-0.564698
-0.522694
-0.037464
-0.538950
-0.597789
-1.271250
0.634099
-0.001568
-0.741707
0.078314
-0.726028
-0.307972
-1.628735
0.733371
-0.309292
-1.301371
0.557271
-0.324889
0.488860
0.346427
-0.241955
-0.024591
0.854927
1.658772
-0.201684
-0.648210
1.218272
1.807395
2.075095
1.189718
1.093002
-0.099604
1.271498
3.237004
1.942401
2.626260
1.296831
0.688893
0.407987
1.304671
0.501899
0.627167
0.665374
0.947516
0.912692
-0.630409
2.160829
1.066229
1.734597
1.538971
0.973209
1.340624
1.031120
1.668783
1.418097
0.554361
0.384645
0.328937
0.653081
0.123724
1.789916
0.666425
1.361481
0.835234
0.713065
-0.368062
0.459916
2.614656
-1.279734
-1.141110
-1.114034
-0.978909
-0.356144
0.488807
1.934757
1.977900
0.542701
0.457586
1.023217
0.525860
0.098979
3.268256
1.996037
2.346609
-0.120743
1.158471
1.706095
-1.610743
2.041899
2.054076
2.095275
2.229105
1.618647
0.785355
1.902713
1.275797
1.585726
1.606716
1.445678
1.605644
1.907982
1.439069
1.362257
0.981142
0.595653
0.725876
0.750170
1.668166
1.405218
1.835277
2.618316
1.213097
1.139948
1.557861
1.996405
0.432828
2.675837
3.844275
1.743639
1.102435
3.531847
2.187453
0.420861
1.927184
1.819558
0.563767
2.843037
1.918252
2.547756
0.728377
0.059752
1.161294
-0.308232
2.212998
0.477484
1.715057
1.958266
2.370373
1.783206
3.452534
2.182183
2.232826
2.536145
2.250385
0.790379
1.020149
0.395568
0.468095
0.829898
2.464788
1.203360
-0.257933
-0.761686
-0.441068
-0.521469
-0.560609
1.860344
0.448639
-0.481268
-0.665766
-1.950284
-1.314043
-1.183070
0.361349
0.181318
-0.315092
-0.547058
-1.908342
-1.762985
-1.045738
0.256343
0.964429
-1.043921
-0.698320
-1.871548
-2.088752
-1.069283
0.051405
1.848231
-0.409271
-0.140285
0.342422
0.820359
-0.136121
1.487413
3.140395
0.380730
-0.029602
-0.308808
-0.127793
0.277163
2.569868
0.128386
1.132001
0.595113
0.386353
0.315926
0.754733
0.096289
0.625551
0.899765
1.152426
1.740045
1.559269
1.022713
1.050764
0.225206
1.132199
1.922345
1.209921
1.570477
1.427700
-0.102126
0.662952
2.304320
2.207567
1.014225
1.139229
2.777744
1.603435
0.507776
2.103916
1.511986
1.337047
1.247853
2.293445
1.042939
0.991412
1.750257
2.012534
1.374449
2.058689
2.875692
1.383601
-0.236944
1.261183
1.930568
2.436420
2.085348
1.986539
-0.104579
4.995438
2.693735
3.508802
1.603919
1.806066
3.442268
4.322464
3.259715
2.437316
1.568961
-1.609699
-2.127329
2.228826
3.481032
2.312278
-0.293351
-0.620958
-4.244226
-3.684166
-0.172261
2.218676
0.943209
0.747689
1.383167
2.147488
2.983702
-2.073761
-0.261916
1.941537
-1.085584
1.262216
0.169301
0.426708
-2.563903
0.025798
2.897149
0.626597
2.267450
-2.714455
2.478337
-1.259961
1.003824
2.697258
-0.515516
-1.680183
-3.516133
-2.147487
-1.580660
-1.179891
0.211651
-2.467312
-0.361441
0.970337
0.794037
-0.416960
-3.722946
-3.982642
-3.386207
-0.317479
4.230323
2.119467
-3.539621
-5.783270
-4.779396
-2.457794
2.616873
4.557999
3.041991
-3.101361
-5.397583
-6.636677
-5.926713
-5.056084
-7.659361
-8.130253
-5.384892
-9.063652
-5.428175
-7.096240
-6.593621
-10.659882
-9.420787
-6.384914
-7.563730
-4.406852
-6.624893
-0.514402
1.783181
3.965191
-3.067597
-7.754083
0.319517
-2.111084
2.174080
-0.249723
1.905546
0.859978
-5.594959
-1.656633
-0.079368
-0.047381
-0.153864
-0.339575
-0.252015
-0.206753
0.625765
-0.028175
0.532275
0.296077
0.639111
1.248353
1.203585
0.892326
0.313872
0.300313
-1.456235
-0.741781
0.461592
0.829128
0.208094
-1.159735
-0.971906
-4.417570
-2.404980
0.118416
0.407221
0.122794
-0.443516
0.191359
-3.972219
-1.474312
0.703368
0.162690
0.500993
-0.349177
1.572251
0.392181
1.461531
0.930246
-0.244883
1.538993
-0.106412
0.150898
-0.744182
-0.169540
-0.164385
2.347291
-0.701569
-1.063240
-1.667059
-2.769772
-2.658907
-1.843998
-0.830621
-0.574123
0.278400
-1.939396
-0.714807
-0.650219
-2.323589
-1.590963
-1.894358
1.371089
-0.306857
-2.668310
-1.154061
-3.043097
-3.812349
-1.454362
1.325185
2.763709
-0.728790
-0.184115
2.437301
-1.149976
-0.312922
0.250065
-1.208133
-3.959716
-1.856247
-0.947302
-2.245884
-1.636745
-0.086737
-0.222225
-4.237991
-2.404510
-0.329996
-2.356997
-0.513246
-2.230294
0.242394
-2.137494
-1.410313
-0.923050
0.015962
-2.209749
-1.056882
-2.907609
-1.146276
-1.235465
-2.832837
-0.101343
-3.366737
3.042111
-0.395481
0.512891
0.523395
0.136359
-2.479995
-4.209606
3.408345
-3.295056
-0.171993
-1.063268
-2.905343
-1.018570
-4.492828
2.298732
-2.966107
-1.712103
-4.785936
-1.452980
1.043697
-4.425266
-3.324510
1.558443
-0.517833
-3.325541
-3.674469
-0.993440
-4.265840
2.055472
6.466320
3.241294
4.185918
2.213870
-2.612852
-3.385069
2.913582
3.997653
0.150159
5.393577
4.919412
1.314562
-0.265482
0.316730
-0.964484
-0.560422
-0.509522
-0.492961
0.383319
0.718178
1.240076
-1.874932
0.374428
0.308015
-0.493312
1.661046
-1.000568
2.345406
-0.887088
3.518894
2.704495
-4.401626
0.007321
-1.174534
1.771562
1.882601
4.984883
3.166430
2.299387
0.822767
0.832180
-2.593458
3.339350
1.683010
1.395042
-2.211883
0.069726
0.053342
-4.205520
1.326363
-7.528313
0.451824
-1.387895
-0.223645
-1.245306
-3.262828
-4.106686
-3.153531
-2.447381
-1.330198
0.056826
2.427400
-0.064314
0.560198
-0.781073
-0.380602
0.687672
1.809607
-0.455569
-0.477838
-1.084114
-0.267429
0.327134
-0.955390
0.030428
-0.254759
0.610402
0.331358
1.501959
1.701426
-1.826982
-0.855658
-0.330879
1.111086
1.838020
0.978332
0.399511
0.809581
-0.654556
-0.031772
-2.325843
-0.672795
-1.678676
-0.394904
-1.333592
-1.148907
0.830602
-0.052411
0.210315
-0.032541
0.385112
-0.141971
-1.029494
1.108592
-1.326104
-1.703922
-2.060812
-1.781481
-2.109481
0.061722
-9.033893
-4.018111
-4.567399
-2.471677
-3.098081
-4.185571
-7.426651
-5.082877
0.066288
0.690422
-0.060276
0.355235
0.604085
-3.919343
-4.514076
1.992149
-1.564611
-0.289615
-1.427488
1.299186
-0.579764
-4.041365
-0.434623
-2.786549
1.042048
-0.645248
-0.541807
-1.016523
-4.796339
1.133864
-1.135736
1.976512
0.122423
0.695767
-1.520776
-5.285488
0.238159
-0.968278
0.913347
-2.269334
-0.737868
-2.261451
-9.011442
-1.869327
-3.707781
-2.514042
-2.121386
-2.315578
-7.447234
0.720064
-0.713669
0.461459
0.479532
0.943632
1.089621
-1.191812
-0.173377
-0.295312
0.753573
1.104497
1.033312
0.809047
-1.721815
0.640537
-1.035814
0.576025
-2.030056
-1.743781
3.030277
1.363103
-0.632471
-4.464149
-4.513087
-1.537731
-0.036564
-3.491316
-1.086699
-0.148489
-1.526608
-2.825060
-1.236302
0.638591
-2.076910
-0.004312
-0.880930
-0.920552
-3.767301
-1.699568
-3.747281
-1.982087
-1.686221
-1.909373
-1.056252
-2.441739
-2.743446
-2.585920
-1.097267
-2.629159
-6.022596
0.195458
-1.133999
-1.113765
-1.325870
-1.014170
-1.901193
0.606035
0.635883
0.463818
-0.752986
-1.004125
-0.078069
1.653211
-1.390448
-0.706776
-1.208766
-1.830730
-2.653892
-2.188495
0.644064
-0.527822
0.014063
-1.534817
-4.423201
-5.461481
-0.691995
1.243784
-0.126287
-0.371829
-0.130880
1.981987
0.351307
-0.861622
0.122412
-0.360205
0.898217
0.169340
1.778637
-0.810963
-0.397948
1.572847
-0.444013
2.996876
1.951708
3.263800
2.261829
1.549599
2.380797
0.318738
1.947306
1.454995
1.614616
1.605518
1.062662
1.811439
-0.007582
1.430328
0.846835
0.596028
0.957225
0.853608
1.025157
0.383436
2.416566
-0.351289
0.365746
-0.286389
0.408304
0.773240
0.999279
2.111678
1.480066
1.515042
0.765357
0.172157
0.950047
0.638487
1.520703
0.251917
0.803871
0.503026
0.756965
0.800333
0.029720
2.546265
1.805273
1.008276
1.180636
2.227022
0.817215
1.145455
2.917773
1.032134
2.410096
1.741283
1.543246
2.679907
-0.151503
-0.932747
0.214363
-0.022702
-0.260795
-0.899664
0.421996
2.028523
2.399752
1.963951
0.857910
0.825168
0.806914
1.418974
1.382923
2.778737
0.487709
-0.638983
-1.257089
-0.962867
0.950203
0.682106
1.232105
-1.714907
-3.261426
-6.065833
-1.571162
-1.006903
0.150478
-2.629288
-2.238894
-0.602592
-2.538934
-3.143122
-1.781532
0.644345
-0.990474
-1.207234
-2.045180
-1.228340
-1.937713
-1.453883
-0.637385
-1.999546
-1.185901
-3.712399
-2.394732
-1.774573
-1.135931
-1.123512
0.071810
-0.288926
-0.331310
-0.152123
-0.037052
-1.297840
0.153405
0.802393
-0.202403
0.834316
0.386585
0.317272
-0.374910
-0.790987
-0.048998
-0.266115
3.023704
1.192487
0.395223
-1.039487
-1.131477
0.677198
0.110279
0.285619
0.460757
0.367620
-1.197211
-1.178382
-0.168051
1.239393
0.206790
1.300336
0.382738
-1.063580
-0.439835
-0.125127
0.779446
0.489980
0.877104
-0.018222
-0.746917
-0.696703
0.220019
0.799356
0.244315
0.492139
0.495245
-0.491262
-0.100251
0.111170
0.082131
0.133404
0.000870
-0.051511
0.086405
0.374894
-1.320435
-0.730085
-0.760151
-1.352561
-0.580380
-0.143058
-0.419678
-1.321701
-0.339050
0.667656
-0.087196
0.126996
-0.011396
-0.344984
0.105790
1.940616
2.116826
1.979308
0.270370
0.243626
-0.146539
1.319011
1.017150
2.149585
1.930329
1.786322
0.807628
0.055545
0.557672
1.356990
2.701954
1.129981
1.401617
0.663778
0.188634
0.915712
1.470456
2.403892
1.427333
1.407631
-0.113385
2.049059
0.331059
0.069722
-0.170553
-0.116022
0.174608
0.765613
0.072506
0.146102
0.660424
0.139384
0.214190
0.567825
-0.325976
0.270113
1.142004
0.391825
-1.149993
-1.563848
0.178300
-0.380567
0.538713
0.691715
-0.277436
-0.816028
-0.085095
0.419604
-0.242817
0.553723
0.785828
-0.139324
-0.659093
-1.518032
-0.376815
-0.172248
0.205051
0.535687
-1.047649
0.064517
-1.475908
0.082795
0.138718
0.845563
0.319560
-0.056892
-0.977867
-0.268055
0.774087
-0.112331
0.261704
0.688557
0.635082
1.327823
1.548881
1.305273
-0.006752
0.967005
0.369059
-1.953724
2.902092
3.712048
0.639674
1.431669
0.159211
0.363386
-4.719833
0.062659
0.398226
-1.162404
0.865860
0.955256
0.693283
-4.553198
-4.862702
-3.081151
-1.201968
2.261069
-0.845740
-4.176711
-5.499944
-3.493556
-2.942333
-3.506656
1.266247
-0.767284
-1.070038
-3.348256
-1.478661
-2.011790
-1.354156
0.292221
-0.964168
-0.439952
-1.408171
-2.060943
0.246713
0.819947
-0.521515
2.594802
1.475049
2.082072
1.372333
1.442131
1.743059
2.393690
1.146797
0.908305
0.873618
0.383681
-0.149508
0.996650
1.098658
1.568137
-1.461103
-0.688148
-0.477619
-1.107154
-0.248613
-0.340641
0.466718
-0.982989
-1.890089
-0.538002
-1.336442
-2.073435
-2.393334
0.924162
-0.125156
0.536942
-1.936953
-0.714553
-1.501878
-1.825884
1.635742
-0.742161
0.340783
-1.587320
0.951204
-0.854222
0.061870
2.118812
0.011893
-0.637675
-1.069636
-0.045235
-0.029236
1.240734
0.170372
-0.668822
0.156186
0.039951
0.164727
0.173049
0.451189
-0.274883
0.357319
0.774708
0.370201
0.595145
0.921993
0.496497
0.472540
0.523058
0.554831
0.114933
-0.713189
0.958759
1.063269
0.738303
-0.081568
-1.264039
0.362819
-0.003691
-1.076659
0.838834
0.773406
1.502589
0.933645
2.187841
1.497378
0.919821
1.738461
0.144606
1.496799
-0.057032
1.222423
0.494470
1.579091
0.799606
-0.387210
0.412614
0.477172
1.062184
0.738666
0.495628
-1.235016
0.283139
-0.765572
1.215794
1.210477
1.446374
0.723955
-1.177347
0.556053
1.337577
2.893770
2.847859
2.507765
1.359766
-1.636157
0.431509
3.393585
5.178113
4.064879
2.181883
3.346548
-0.525686
0.060842
0.642253
0.980917
-4.066515
-2.363282
-0.130987
-1.424186
0.241011
-0.936745
-3.396245
-7.719519
-5.097639
-1.255365
-1.771744
0.191214
0.569349
1.105051
0.048366
-0.185897
0.747269
-0.498382
-2.169511
0.083541
1.126730
1.341055
-0.592660
0.528037
-3.754847
0.449581
0.615776
0.495099
0.601735
0.630001
0.673775
0.237041
-0.103700
0.027898
-0.371760
-0.327159
0.659367
0.022943
0.168306
0.596964
0.748017
1.225495
2.358488
2.583783
1.034982
0.727002
0.936696
1.570275
3.790465
6.466660
7.878818
3.086682
1.729313
0.430677
1.823193
3.731182
3.443667
3.138991
2.014993
0.650649
0.275677
1.786944
3.005282
3.462204
1.345256
1.680492
-0.130864
-0.359830
-0.175923
-0.327527
0.571818
0.764719
0.941100
-0.319268
-1.937842
-1.194875
-0.221861
-0.799395
-0.951064
-0.266134
-1.581924
1.101368
0.832506
-0.245919
-0.863014
-1.094052
1.533433
-0.282876
0.701919
0.642517
-2.759559
1.650006
0.201027
-0.309415
-1.261594
0.415944
0.976362
-1.940572
-3.535516
-3.883251
-0.982439
-0.644377
0.401433
1.360062
3.473013
-1.096408
-0.162210
-0.423012
-0.628751
-0.325042
-0.706383
-1.155935
-2.442704
-1.954337
-2.323031
-2.571184
0.183167
0.385312
-2.144947
-2.912841
-3.080013
-1.420829
-0.912372
0.070522
-0.709507
-0.750255
-1.140481
-0.171344
-0.097268
0.016925
-1.356331
-0.064672
1.173181
0.225568
0.876569
1.884675
-1.287062
-0.843345
-0.192031
2.911065
4.224458
5.252100
3.453305
0.882524
-0.678375
-0.913136
2.224228
5.470354
4.965204
3.141334
-0.037403
0.050463
0.454897
0.025806
1.608645
4.055620
2.801259
0.619345
0.290239
-0.115239
1.330420
1.150823
1.267108
1.530286
1.451197
0.656435
-0.675135
-0.865598
0.882420
0.530852
1.239212
3.170380
-0.835207
0.382164
0.236751
-0.529038
-0.344573
0.220270
0.664057
0.026306
-0.177726
-0.684274
-1.360023
-1.578182
-0.417644
0.434289
-0.040839
-1.095180
-0.921757
-2.263917
-1.968628
-0.886032
-0.069824
0.211258
-0.725194
-0.931013
-0.766601
-1.462405
-1.104354
-0.452232
-0.170663
-0.724789
-0.303572
-0.518808
-1.612607
0.158971
-0.085575
0.152232
-0.354640
-1.218183
0.292286
-1.486437
-0.193315
0.683868
0.482353
-0.163437
0.149309
0.062760
0.109364
0.086793
1.614149
-1.097327
1.533990
0.807518
1.390947
1.009182
0.742838
-0.349470
1.203398
0.749938
-0.299767
-1.158632
-1.929869
-0.321241
0.748292
0.455799
0.681706
-0.073946
0.138021
-0.404971
-1.235695
-0.697206
0.890642
1.734095
1.647074
2.111358
1.689762
-0.258378
-0.515372
0.271539
-0.763186
1.967795
-0.201056
0.877568
-0.499352
-0.459002
1.810118
0.287212
0.517103
-0.283661
1.402896
-0.567238
-0.464717
-0.289378
0.210062
0.571394
-0.768900
-0.598669
-0.293447
-1.143825
-8.614320
3.702392
0.080799
2.044045
1.736097
0.828413
-2.567862
3.156013
5.466234
4.181083
0.598211
1.322957
4.479581
3.930456
1.287285
2.868187
0.464360
2.995332
0.899758
3.984119
5.603744
1.841592
0.300936
-0.932380
2.876725
2.010506
2.348029
2.084900
1.395829
5.737899
1.810796
4.843630
2.316625
3.806362
4.377743
2.610244
1.618709
-2.734640
0.176841
-0.631751
2.618170
6.071764
-2.142526
1.299786
-0.246052
3.285900
0.113119
-0.228673
1.420222
0.122873
0.193349
0.183897
0.103148
0.002877
-0.172801
0.505973
0.510700
-0.354850
-1.405324
-0.577171
-0.527959
-0.723774
0.197664
-0.493440
0.607889
-0.503302
-1.714764
0.136331
-0.876645
-0.657612
-0.635319
1.880169
4.190494
-0.716789
2.399910
1.807433
0.594841
-0.901507
-0.520358
0.481113
0.009964
1.277727
0.033800
-1.274541
0.231361
0.089586
1.128554
-0.781101
0.706925
0.387623
-1.139032
0.823221
0.279442
0.093079
-0.621552
-0.884659
0.254272
0.956061
5.975761
0.977646
1.686938
0.826488
1.495901
2.453868
1.057754
1.093278
0.021421
-0.432051
1.784108
2.524047
1.330636
-1.577051
-0.493699
0.484470
-2.462225
-0.639459
-0.490041
0.362394
-0.636150
-0.616297
-0.540544
-0.396178
-0.360129
-1.401512
3.862348
0.472975
1.394722
-2.158518
-2.634280
-2.924055
-1.651585
2.287560
0.194345
0.316420
-0.861667
1.856900
-2.126476
-1.904093
2.284425
0.579204
-0.415682
-1.645141
-2.498100
-0.044580
0.422649
2.375328
-2.059083
-1.011045
-0.101693
-0.363307
-0.049272
-0.224242
-0.286181
-0.947986
0.192676
0.148934
-0.893746
-0.370656
-1.013495
-0.300179
-0.376745
-1.036031
-0.675734
-1.977368
-0.761468
-1.348597
-0.769097
-0.516581
-0.543387
-0.560883
-1.659343
-0.251187
0.259375
-0.795833
-0.829147
-1.397448
-0.634581
-1.491723
-1.194484
-0.922511
-0.308227
-1.074944
-1.247605
0.152924
-0.690431
-0.550105
-0.631432
-0.900255
-1.464357
-1.754947
-0.260984
-0.869530
-1.475975
-0.710307
-0.138016
-0.823128
0.653023
-0.758319
1.630248
2.395033
2.781306
1.851926
-0.395508
1.005120
-1.314357
0.295571
-3.051565
-3.269362
1.412453
-0.587258
1.406172
-1.947245
1.380862
1.832530
2.252604
4.052993
-0.156651
0.763492
-2.162827
-1.848598
0.892064
1.013618
0.799516
-1.841394
-0.004618
-2.333330
-2.487950
0.757027
0.380916
-1.236771
-1.875940
0.062995
-2.902487
-3.286356
-3.299103
-3.066711
-2.908584
-2.010238
1.612699
-3.445041
-4.718944
-3.227243
-3.506002
-3.486236
-2.258518
-6.990429
0.134431
-2.780658
-0.812370
-0.734795
-1.557524
-3.133601
0.982699
3.533279
0.575550
1.301913
2.586238
3.170941
2.348453
-0.514355
-1.239514
-3.962111
-2.288224
-1.159049
1.601130
3.495697
-2.207036
-3.775884
-6.709522
-5.650213
-5.929676
-1.738693
-0.242845
-3.013142
-5.582757
-7.414685
-9.005457
-8.275480
-4.093652
0.021441
-0.683480
-3.779738
-1.370573
-9.338884
-2.660200
-1.420925
0.815020
2.088986
4.098230
3.602663
1.381895
1.065092
3.341752
3.667712
1.868836
-0.089504
0.979252
0.447852
-0.666732
-0.533386
0.505591
-1.254714
-4.066569
-1.677254
-3.898811
-4.653392
-5.339482
-2.669411
0.367944
-2.113360
0.556713
-2.102605
-1.545562
-3.936699
-2.802756
1.990436
1.776187
2.761395
3.500592
1.375983
-2.197901
-0.798756
2.054130
2.494868
3.084836
2.918732
-0.368440
-0.469526
-0.793627
2.593141
2.380217
0.541327
2.133543
-0.423532
0.046324
-0.222685
0.324761
0.120442
0.835814
0.226988
-2.453178
-1.081991
0.997782
8.648320
1.341154
3.832284
0.862171
1.597518
3.586400
2.924836
0.484643
-3.606943
-0.814585
0.063095
-0.286132
-0.888372
-2.885847
1.592907
-4.082571
-1.248499
-1.466506
0.451942
-1.841936
-5.995989
0.766374
-2.822545
-2.470379
-7.276560
-4.945578
-4.169355
-4.708709
1.598358
-2.035417
-4.311897
-4.834901
-4.599496
-1.353518
-4.615427
0.973477
-3.113705
3.179317
-0.415049
1.093588
0.548574
-3.605056
-0.080913
-4.140845
-1.068437
-5.327718
-2.486310
-2.791727
-7.201516
-1.248137
2.068254
0.768850
0.851289
0.613624
0.139086
0.404282
1.536277
1.020756
1.345923
1.488649
1.299878
1.148925
0.881038
0.672170
1.967301
-0.877082
-1.646408
-1.368394
-1.251933
-0.056963
1.186426
1.050661
2.378230
-0.192569
3.262591
2.405763
1.056833
0.370579
-3.016382
2.930461
2.636781
3.972895
-2.771914
-0.371688
0.312350
-0.579763
-1.400514
2.448801
-0.347005
-2.674442
0.118832
2.135186
-1.404312
-2.690898
-3.075243
-1.556531
-0.706824
4.868649
3.419253
-0.139634
-0.395065
-1.775489
-1.635382
-0.192398
2.102920
-1.137272
-2.738186
-2.198765
-1.783633
-1.233589
-1.438498
0.596551
-1.761090
-0.780096
-1.539065
0.403918
0.415485
-2.542720
-0.963050
-1.939677
0.674690
0.143295
0.781277
0.368271
1.196998
-0.247048
-0.646362
-0.499291
-1.160171
-3.333441
-1.086162
1.099854
-0.372755
-0.321883
-1.396713
1.940621
-0.871809
1.445109
1.056890
-0.300164
0.837345
-2.079549
-1.025019
-1.343716
0.125944
-0.471788
1.011329
-1.506648
-1.490747
-2.195258
-2.484133
-1.992109
-1.653309
-0.722523
-0.563631
0.075611
0.628234
0.448214
1.649863
2.251521
0.107856
0.078946
1.720582
-1.241566
-0.382277
0.870520
0.503921
1.843893
0.359927
3.295390
-0.822485
1.931066
3.037535
1.031748
2.837278
-0.357592
2.578758
3.523777
2.845284
2.176910
0.939792
2.688172
1.078115
1.641189
0.367712
2.140440
0.728194
2.469567
2.694955
0.119086
1.581369
1.893150
1.897264
1.777288
2.562747
2.799029
-0.261403
-1.750592
-0.467881
-1.689664
-1.620889
-1.008382
-1.003306
-1.176088
-1.963992
-0.914221
-0.768056
-1.889525
-2.035843
-1.968301
0.417877
0.385259
1.265635
0.572351
1.698125
-2.702355
-0.873142
-0.648663
-1.542269
2.262477
-4.932674
-0.997458
0.073698
1.085157
-0.061082
-2.602346
-1.788286
0.396029
-2.036921
-1.797518
0.489420
0.163397
-1.985532
-0.046158
-0.458957
0.828216
-1.877523
-2.012303
-1.648891
-1.760900
0.506653
-0.870372
-0.972842
-2.578653
-3.354558
-1.962727
-3.901945
-3.265181
-4.136330
-3.982875
-3.436304
-0.865594
-3.306216
-3.143639
-1.745296
-2.384481
-0.939971
-0.732514
-2.110484
-0.121538
0.238803
-2.861378
-0.672243
1.140590
0.705300
1.786045
-0.004273
1.456338
0.724392
-0.632064
0.286537
1.147714
1.646837
-0.243505
3.907359
3.196217
-0.548280
1.807988
5.859543
1.706254
-2.696666
-2.363680
-0.264877
-5.569726
-4.515054
0.125816
-1.224656
-2.202245
-6.153344
-4.269839
-3.318756
-2.277332
-4.936809
0.496699
-1.341442
-0.177076
-0.215345
-0.978304
-0.980524
-0.471286
-1.701198
0.466319
-0.039856
-0.272010
-0.616647
-0.403309
0.357322
-1.212998
0.266619
-0.984543
-1.200945
-0.474880
-0.056876
-0.388827
-1.703311
-0.026747
-0.754608
-1.061080
0.305840
1.945510
-1.914746
-1.571906
-0.023046
-2.114656
-0.742344
-1.863684
-1.172824
-2.399563
-1.086876
0.326982
0.609248
1.765791
0.757039
0.908426
0.103920
-0.676483
-0.518435
-0.669399
-1.494204
-1.587446
-1.394513
-0.307213
-3.283994
1.292317
-1.310229
0.570908
-0.855990
-0.984102
0.085077
0.140177
-2.444459
-3.513638
-1.974548
-2.546079
-2.076789
-1.778399
-2.580408
-1.112090
-2.222065
-0.671782
-4.513039
-1.569066
-0.987585
-2.795587
-2.149427
-0.898031
2.085745
1.549537
-0.597028
0.708722
-3.668865
-0.824521
-0.980495
3.807551
-2.626801
-1.112836
0.551629
-2.844966
-1.247292
-3.402939
-4.081809
-6.057850
-1.357619
-0.740564
-3.226938
-0.157218
-5.595900
-4.200220
-5.025115
-5.211189
-4.399231
-1.934622
3.663361
-0.833529
0.696324
0.116861
0.061408
0.376385
0.982024
0.944062
-2.304953
-0.858093
-1.931794
-0.897293
0.010173
-0.353062
-0.532199
-1.258420
1.025196
-0.703271
-0.686399
0.729075
0.822985
0.597079
-0.616060
3.915443
2.988870
4.033667
2.032155
2.879950
1.430484
-1.736531
0.369686
3.044324
3.945465
0.619905
1.293776
0.406779
-0.808594
-0.722499
0.457269
2.582217
1.906983
1.644728
0.779690
-1.506655
-2.936147
-0.824845
-1.211279
-0.808594
1.082757
