-15.458318
-0.021904
-0.002435
0.405440
2.307550
0.929153
-0.343141
-3.403652
10.840289
-1.752688
0.594288
0.576766
0.004869
0.971984
-1.316583
5.152935
-4.887667
1.581362
-2.535826
-9.067156
-2.226754
-2.195605
5.897622
-0.147477
10.171531
3.235247
4.355685
1.420259
-0.336326
-0.494509
0.135311
5.387048
2.422419
2.119678
-2.935911
0.044775
0.893623
-0.398626
3.187549
0.976851
-2.120166
-4.610234
-1.268884
-2.076362
-3.354980
-3.944404
-0.818180
-3.522411
7.427875
0.624605
0.475874
-0.344891
-0.263694
-0.174174
-0.506501
-0.208568
-0.483727
-1.159375
0.590210
-0.692924
-0.686013
-0.946724
-0.617537
0.656643
-1.187331
0.900706
-1.810679
-1.559707
-1.250781
-1.994433
1.041741
-1.083204
-0.553774
2.167507
-0.236838
-2.980262
-0.695436
0.199302
-0.636541
-2.573649
1.260518
-0.363423
-2.304615
-0.912485
-0.441637
0.064705
-2.013594
-0.241392
-0.723863
-2.745468
-1.588134
-0.640309
-1.121053
-1.482908
-1.898472
-1.748015
-1.704039
-2.875664
-0.042508
0.297939
0.221505
0.501501
1.107502
-0.641489
0.834140
0.369298
-0.063562
-0.752632
0.259326
0.311189
-0.522943
-1.050172
0.986224
0.986225
4.040822
2.886520
4.441703
1.908881
-0.447288
0.334983
-1.847259
1.545043
-4.950216
-1.355519
-1.673341
-1.424542
0.048358
-2.051605
-0.493695
-1.258028
0.358381
-1.538023
-1.176132
0.522946
3.945670
2.735609
2.525805
2.108153
-0.436369
-0.362274
1.916679
1.500197
-0.403610
-1.496682
0.587291
0.831798
2.323416
-1.946140
0.634909
0.553158
0.882485
1.059373
0.690778
-0.134943
0.821082
-0.139228
1.816375
0.780740
0.628484
1.797453
-1.065978
0.135656
0.696311
0.536737
-1.274640
-2.189432
1.174503
-1.326584
-0.207413
0.036591
0.135479
2.328123
-0.269886
-0.369666
-0.291128
0.537094
-0.168501
-2.476275
0.032129
-1.597538
-0.723445
-0.879094
0.369664
-0.163681
-0.517460
-0.677036
-0.100851
-1.540242
-1.265715
0.942994
0.506570
0.808763
0.295231
1.118812
-0.549054
-1.755508
-6.594026
0.911650
1.556251
1.184989
0.665264
0.757125
-1.186336
1.710778
-0.310622
0.690418
-1.192626
-0.607770
0.718044
2.031726
2.279014
-0.203487
-0.404504
1.554005
4.194624
-0.082204
2.042510
2.711593
-0.185521
4.144763
3.397520
2.778076
-0.947362
1.226089
2.024316
0.551167
1.403522
-2.710695
-1.077853
0.172044
2.139536
0.625960
-0.351949
-0.676494
-3.380001
-2.117303
-0.661446
2.972128
-0.372610
0.267946
-0.903115
-0.208204
-0.018190
1.014292
-2.113711
0.555278
0.595849
-0.345286
0.500255
0.635026
-0.085495
1.797296
-0.794173
0.268151
0.037784
0.068082
0.287651
-0.396303
-0.240985
-0.329613
-0.495380
0.977004
0.884197
1.210677
0.007139
-0.863127
0.983793
-0.167332
1.820802
3.765405
3.719089
-0.512965
0.374191
0.429388
-0.287477
-0.028557
4.250512
3.005011
-1.032375
-0.997723
-0.723305
1.038120
-0.062162
0.719998
2.440331
-0.522718
-0.432869
-1.157568
1.739835
-1.120307
-1.272837
-1.182293
0.584878
-0.402398
-2.265557
0.144902
-0.958557
-0.891107
-0.637061
-1.769836
-0.629263
-6.459920
1.005333
-0.260823
1.256157
1.869831
0.074568
-0.813824
-0.683326
1.440377
-0.631806
0.071688
-0.330818
-0.283195
-0.573338
-0.835685
1.825598
2.013884
0.480296
-0.516733
1.963721
-0.390304
-1.045837
0.245740
2.158616
-1.566296
-0.702986
-0.245231
-1.256667
-2.089473
0.826030
0.569269
-0.557238
-0.084569
0.800436
-0.384202
-1.349198
-0.314209
-1.153116
-2.914649
-0.572660
1.511557
0.257944
3.000412
0.616456
0.738448
0.398679
0.429987
0.446687
1.396421
2.425471
0.412827
0.378036
2.413875
1.098164
0.264163
0.551053
0.490520
-0.387315
-0.355774
-0.112715
0.772078
0.066562
0.359715
0.109931
0.630372
-0.875285
-1.590541
-3.301450
-1.076829
-0.054967
0.607411
0.465474
-1.841947
-1.403840
-2.227175
0.354844
0.321680
0.230533
-0.048703
-1.499859
-0.574942
-2.957969
0.174639
0.304981
0.971069
0.008581
-0.567520
0.347655
-1.210880
-0.256509
0.549431
-4.355135
-2.868711
0.152327
-0.154318
-0.453195
-0.549767
-0.692535
-3.246440
-1.963714
1.123032
1.814174
1.402396
0.129427
1.580607
-0.568287
0.273788
2.682931
-0.686763
0.496005
1.794860
0.480276
-1.164648
-1.374122
-2.011304
-3.978999
-6.662727
-1.271175
-1.128409
-0.496205
0.722803
0.259253
-3.533768
-3.263961
0.062524
1.402197
0.402620
-0.655700
-1.345848
-1.877097
-1.479456
-0.478085
2.641515
0.200315
1.755235
0.695324
0.015730
-0.802648
0.527467
-0.708266
-0.187218
-0.191771
-0.914889
-0.775615
-0.696944
-1.499020
-1.496031
-1.934342
-1.465302
-0.801080
-0.874914
-0.315823
-1.576126
-1.370414
-1.077069
0.107977
0.415833
0.381689
0.660951
-1.794355
-1.740438
-0.312978
-0.757833
0.277269
3.612611
2.890203
-0.821709
0.414979
-0.197461
-0.179251
0.902938
3.065613
2.423298
-0.739906
-1.815410
-1.093714
-3.366782
-3.076853
-0.925560
-1.099262
-2.901869
-2.512070
-0.042536
-1.234982
-1.641567
-1.055161
-1.096417
-1.828926
0.678165
0.156385
0.958489
0.040060
-1.042170
-0.670053
0.362325
0.216032
-2.199476
-2.393844
1.552274
2.604236
3.836915
-0.205347
-1.294997
-1.602722
-0.500611
0.822875
-0.997952
-0.559956
-0.762339
-1.800355
-3.472514
-1.228822
3.136894
-1.369776
-2.011043
1.503311
-2.082853
-3.923565
-1.626758
2.861810
0.823765
-0.476575
-0.309506
-2.832134
-2.385239
0.814566
2.591477
2.881099
4.399246
0.626725
-3.067158
-0.414552
-0.918723
-0.586961
-2.479306
-0.588149
-1.011010
-2.327374
3.423556
3.323577
3.315732
2.815446
2.920050
1.698401
0.952699
1.010029
-1.491204
-0.881486
-1.135954
-0.966778
-0.077044
1.142997
0.673889
-1.534252
-1.001579
-0.542530
1.314987
-1.277369
2.030919
1.403699
-2.283979
-0.226306
-1.925509
0.110237
-2.478099
1.923700
0.628628
-1.042213
2.800962
1.034168
2.176760
-1.477727
3.207709
-1.040001
-2.993473
-1.328265
-1.286422
1.551956
-2.015831
1.399074
1.811453
1.296683
3.594340
4.733312
4.017179
0.716535
2.954246
-0.149134
-1.369812
-1.479322
-1.131281
-1.144081
-2.450298
-0.962849
-0.378109
-2.736979
1.544132
-0.258846
-0.339708
-0.457958
-1.375498
-1.155257
-1.439905
2.982208
-5.104580
-1.698139
1.528286
-1.030306
-0.473601
-0.325284
-0.216179
-3.821119
-0.553858
-0.136128
-0.221664
-1.780426
0.878123
0.986620
-0.628625
1.518126
1.025629
0.409198
-2.530956
-1.296665
-0.379327
0.388674
4.221579
0.687342
0.366732
-1.552462
-0.719849
0.329753
-0.443127
0.877110
-0.641831
0.417933
-0.065491
-2.596158
3.022223
1.830955
2.810946
2.793793
6.416332
-3.180488
0.658785
0.085372
-3.898522
-2.810555
-1.611875
3.232728
3.620590
-0.445946
0.724274
0.175806
1.906968
-0.432692
2.232074
1.925289
-1.988049
3.132154
-6.827584
3.369161
1.232199
-2.362657
3.699332
0.597584
0.268193
-1.956864
0.378122
3.617082
0.974534
4.441538
-1.620455
2.587973
-1.651640
4.738572
-1.890206
1.946729
6.253779
0.877079
-1.423212
-3.721937
-0.525858
-1.434125
6.478703
6.151350
0.426751
3.718153
0.912092
1.189476
1.105573
7.438114
1.429615
0.846268
-1.947136
0.856756
1.899040
-3.883789
4.455562
1.743893
1.229981
-2.845484
1.481695
-0.175402
-5.747022
1.459633
0.863992
-1.495435
-6.920223
1.565961
0.452789
-2.938066
1.389471
3.946358
-1.946774
-1.239021
-2.118922
-3.727192
-5.364754
-1.134865
3.188694
-2.907325
1.478436
-3.670413
-0.906301
-3.931162
1.858898
4.854107
0.040869
2.047320
-1.347517
-0.722579
-1.951838
1.268317
9.430587
0.913502
4.703568
2.070071
2.679730
4.936070
6.344634
6.602899
2.395711
1.404597
-0.710392
-1.320385
1.569396
5.495206
2.328002
-0.734500
-1.439935
1.864322
1.038339
0.841827
4.522258
-0.063081
-3.687027
-2.389433
2.027469
-3.081992
-0.936620
-2.716393
2.138436
0.789983
1.513257
5.265674
4.299003
1.244752
-2.129517
2.743144
-2.833304
-2.359382
-0.322333
-3.348179
-4.200254
0.880473
4.218083
2.642413
0.610980
-2.232561
-3.158941
-1.699521
2.269551
-1.133118
1.133118
0.547726
0.898863
0.946734
0.295491
1.268956
0.260256
1.559829
-0.500826
0.197561
-0.551857
-0.565950
0.537033
0.307884
-2.059441
-0.354782
-0.026730
1.948874
-1.053656
-0.608475
0.808953
-0.029403
0.451011
-0.077029
1.005543
-1.044422
-0.853421
1.872814
-0.995092
0.607262
-0.414804
2.221038
0.130493
-0.610420
1.075282
-0.656591
-0.695471
-0.156734
2.422972
-1.372475
-1.157417
1.727258
0.022841
-1.159117
-0.944548
-0.809681
-1.334809
1.653385
-7.030941
-0.852489
-0.650985
0.431873
0.464494
0.245671
-2.835472
-0.875009
-0.763287
0.398098
-3.013302
-3.290151
-0.641749
-1.333153
-1.373278
-2.004922
0.199771
-4.549109
-2.851638
1.862309
-1.183613
-2.468551
-3.317285
0.049944
-2.250017
1.629918
0.084293
-1.198624
-3.785538
-0.949201
-2.124149
-1.351626
-1.540425
-0.419171
-1.231245
-1.711040
1.478936
-5.163141
-1.963640
-3.617229
0.765880
-1.554285
-0.665133
1.427259
-2.395803
-2.542457
-1.222584
-0.047923
0.299658
1.435549
-1.211414
-0.173262
-0.795361
-0.313452
0.710286
2.033062
-0.375353
-0.043244
-1.239962
0.070096
-0.044940
-0.952513
0.413791
0.000000
0.985582
1.211698
2.605982
3.022601
0.138496
0.916616
-0.603163
0.845390
0.375352
-0.928204
1.238831
-0.047202
0.571790
-0.834367
-0.122385
-0.635384
-0.107122
1.662231
0.521196
-0.551439
-0.528829
1.824753
1.820230
2.139053
1.550587
0.577726
-0.885243
1.772182
-0.518935
-0.347370
0.201808
-0.240814
0.083098
0.706329
-9.269129
-0.217570
-0.036218
0.411614
0.991099
2.106980
-2.584158
-0.236076
-0.802610
0.589796
0.543268
0.998237
1.947040
-2.244184
0.594288
0.297938
-0.653772
-1.733963
-0.637645
0.657738
-2.033223
-0.212284
-0.921306
-3.748415
-4.659414
-5.032695
-0.891698
-1.091823
-0.216249
-1.418578
-2.171485
-3.606188
-0.171572
-0.505727
0.571554
0.033045
-0.148835
0.434351
-1.271590
2.086623
2.671398
0.143813
-0.891170
1.884914
0.449947
0.201444
1.272912
3.314330
-1.353014
-0.542901
1.728631
1.968593
2.346104
2.426479
2.213198
1.306374
0.498321
0.381986
-0.015082
-0.392262
-0.212951
-0.479762
2.490448
0.955212
1.313501
-0.038117
-0.711273
-0.485395
-1.306375
1.625883
1.015534
1.466791
-0.164229
0.414467
0.470481
0.452914
1.052159
0.558644
0.250238
1.675766
1.376806
2.253634
1.787461
0.680283
1.097401
-0.243774
1.686041
0.105232
0.958031
-0.063969
0.765959
0.657081
-0.119485
-0.406679
-1.570201
0.214111
-0.292828
-0.455897
-4.334417
-2.454256
-0.433423
0.456416
0.519058
0.030234
-0.196253
-1.852461
0.185934
1.669605
2.160781
2.356311
1.295926
1.168832
0.487556
1.071428
-1.030151
0.217074
0.533542
1.664716
1.517708
0.725994
0.649954
-0.656834
-0.798230
-0.942344
0.463477
1.716495
1.039384
2.562159
0.400473
1.586867
2.277555
1.684451
2.736507
1.896092
0.225584
-1.542147
0.456054
1.103293
0.392688
1.086637
-0.136688
-0.658463
1.614748
-0.210194
1.936647
0.121662
-0.271025
2.840330
1.453714
1.722105
1.177101
1.147329
0.445246
0.676090
1.020908
3.027624
1.177769
0.435024
0.649871
1.188877
1.007580
1.068457
1.148439
-0.392366
-2.421299
-2.284883
1.086231
0.685197
0.595216
0.945147
1.903404
1.810312
0.310829
0.158414
0.909153
1.081786
-0.806728
0.397700
2.686583
1.775872
0.157081
-0.019551
0.974253
-0.565220
0.063987
0.367926
-0.374148
0.371038
0.746965
-0.249729
-0.080206
-1.700775
-1.349955
-1.069790
0.332602
-1.074011
2.429229
-0.576989
1.229601
1.409418
1.454233
0.320146
-1.378044
1.991449
1.693147
0.808902
-0.959594
-0.815905
1.294022
1.604078
2.540706
1.902098
-0.368879
0.583988
-1.248922
0.374763
1.391492
1.847480
-0.550097
-2.736202
-6.776795
-5.240779
-1.620043
-0.053779
2.926112
-2.009649
-2.225600
-7.233905
-3.068951
-4.054590
-0.206426
1.746085
-1.467675
0.863520
-5.599294
-1.533776
-2.976522
-0.835788
0.994603
-0.106715
-1.108319
-4.242534
-2.735367
-1.327351
-3.497770
-0.871254
1.799347
0.214039
-0.253861
-0.436109
-0.222711
-0.531648
0.965508
0.785187
0.295931
-0.604868
-0.629114
-0.141302
0.517517
1.211340
-0.272007
-1.151286
-2.019812
-3.153435
-1.396799
0.373003
1.918492
0.523459
-0.727060
-0.517195
-1.800633
-0.792093
1.165738
1.323097
-0.780531
-0.891967
-0.899033
0.310864
-1.269948
0.596838
1.227236
-0.547704
-0.368829
-0.398375
-1.019299
-1.029574
0.085102
-0.192845
-1.303508
-0.531166
-1.550464
-1.346540
-1.035676
-0.405118
-10.074192
0.255613
-4.454687
-2.893338
-3.141757
-2.520886
-7.969622
2.493922
-3.914347
-0.061476
-2.933601
-2.341129
-0.353039
0.403011
-1.941710
-0.831545
-0.818964
0.742389
0.744543
-1.545890
0.826514
-0.336861
-0.227570
-0.204203
-4.313761
-1.487654
-0.584566
0.535308
-1.892101
0.896972
4.358339
0.894816
4.956563
1.023521
1.874846
0.959170
-1.949623
3.838483
0.310974
4.005299
0.202763
0.678037
-4.764585
0.249498
-1.165532
-1.165174
-1.486933
-1.491609
-3.841002
-3.526351
-1.331753
-1.441955
-0.573288
-0.507777
-0.967660
-1.015119
-1.825847
1.229994
0.714355
0.635743
0.416064
1.589428
-0.243264
-0.712172
1.239894
1.940417
-0.449110
-1.005656
0.898220
-1.213980
-0.221716
2.671077
0.387239
0.033484
-1.875345
1.262167
0.084436
-0.051096
0.667334
-1.673863
-1.027640
-2.609643
0.082545
-1.455203
0.194348
1.363054
0.356668
-0.032462
-0.073517
1.902276
-0.964313
0.266556
0.795588
0.696158
-0.013684
0.478517
0.180663
-1.284147
-0.242983
-1.037615
0.030820
0.085299
-0.313341
-0.187880
-0.867637
-0.671041
0.240025
0.942974
0.297151
-0.207959
1.275617
0.169666
0.481137
0.925696
1.915058
2.422037
0.632126
2.350899
0.998545
0.579357
0.683805
0.696724
3.558494
1.417575
1.776989
1.171480
1.025629
0.652828
1.946189
4.901664
2.950806
2.596061
2.257037
-0.188502
0.473979
0.827010
-0.461836
0.720072
1.582417
0.715090
1.656666
0.694077
0.393503
1.002748
1.601875
1.226739
1.923464
-3.208495
-1.018699
1.810286
1.853305
1.840418
1.130863
0.387521
-3.190207
0.003658
0.646854
-0.091089
0.187750
0.038317
0.693879
1.231008
-0.221539
-0.942937
-1.297191
-0.120523
-0.036924
1.151589
0.170684
-0.849932
-0.316459
0.354429
-0.044935
-0.229378
0.205342
0.272048
1.086276
1.322272
0.541308
0.950253
1.535451
1.150892
-0.200639
0.000871
0.948509
1.185204
2.055512
2.407851
1.101255
0.449001
0.726623
1.980272
1.881171
1.813769
0.920819
0.091089
7.479939
3.176406
3.169355
3.056951
3.457638
3.607730
3.036012
3.083398
1.208012
1.859735
0.728863
-0.004850
2.648329
0.215773
2.747068
2.050824
2.548267
1.213964
1.488142
2.599177
2.135014
1.952745
0.188442
-0.487965
3.089568
0.091246
0.738121
-0.133342
1.886184
1.506875
0.409281
3.397247
1.257380
2.853077
1.216168
2.051927
1.528255
-1.142112
2.590582
-1.695979
0.411487
-1.056155
1.646610
0.628141
0.243100
1.322401
0.876532
1.413427
-0.598606
2.782508
1.365711
0.209171
0.491793
0.577317
0.979648
0.113355
1.777699
1.387187
-0.113481
0.108907
0.039776
0.082474
0.201802
0.522799
1.051828
-0.110939
0.449222
1.393795
1.500032
-0.959822
0.575412
0.991212
-0.387716
-0.902383
0.117802
-0.307276
0.184264
0.967956
0.571852
0.759294
-0.985873
-0.935677
-1.289717
-0.096070
0.424315
1.267353
-1.292259
-0.354675
-0.318331
0.422790
-0.352895
-0.077262
-0.391148
-0.177909
1.033402
0.055915
-0.946733
-0.613026
2.650939
-0.333893
1.285184
0.015326
0.383816
-0.157426
1.218776
0.505484
1.160265
-0.029719
0.988676
1.354609
0.377081
-0.577228
-0.715618
-1.160728
-2.335621
-1.774181
-1.613968
-1.587962
-0.439539
0.421197
-2.086478
1.110808
3.374218
5.276799
-1.254069
0.014164
1.487890
-1.283326
0.372902
5.735381
3.831404
-1.121723
0.255179
-0.152317
0.140013
-2.952555
1.080391
-2.324477
-2.639561
-1.593302
0.775755
0.085679
0.022988
-0.900442
-1.268930
0.368721
0.778076
-6.772699
-0.071427
-1.074490
0.625719
0.654219
-0.460135
-0.280481
-3.175672
-0.151694
-0.127164
-0.449854
-0.711577
-0.292567
-1.573405
0.852991
0.137806
-0.148087
1.503962
0.180194
0.397184
0.378065
0.798698
0.209775
-0.935783
0.445705
-0.096679
-0.197870
-1.125717
-0.406925
1.748730
-0.230699
2.442271
-0.833511
0.744046
-0.116340
-0.773084
0.799240
-0.961576
-0.444261
-2.550854
-0.190836
-0.354796
-2.181628
0.091812
-0.403678
0.634378
-1.150428
-0.253426
-0.318180
1.617799
0.835658
0.816034
0.634870
0.627139
1.937315
-0.150641
3.066721
0.671341
-0.559550
-1.604717
-1.758529
-0.839424
0.325660
0.222194
0.269369
-1.946035
-0.367682
-0.836253
-1.323853
0.104258
0.568865
-0.307427
-2.779116
-2.466340
-0.857659
-2.035628
-0.871733
1.697281
0.631501
-2.902603
-1.784098
-0.690369
-0.907806
0.179183
2.762467
1.469140
-1.363495
-1.237037
-0.947250
-0.110404
1.152002
-0.470553
-0.036669
-1.075693
-0.622383
0.077104
-0.003766
-0.924458
-1.992727
-2.389637
8.430399
5.211564
6.187691
6.814178
8.579710
-1.983202
4.324887
0.558807
2.044424
2.704585
2.479089
4.232716
5.410191
0.008504
-1.146181
2.260397
-0.985309
-3.114421
0.851306
4.381346
0.415620
-2.201896
-5.429235
-2.167545
1.201622
3.813017
5.784655
-2.125373
1.769613
-1.090065
0.963883
-1.226109
0.037073
4.638474
1.475074
2.524664
-3.135167
-0.134005
-1.699888
1.205024
7.215513
3.895663
3.664725
-3.137890
1.230191
1.190738
0.479559
4.058659
1.257787
2.476558
2.269513
2.281041
1.710670
0.469509
1.519143
1.651039
1.098402
-0.223894
-0.823747
0.838376
0.113718
1.389018
0.248720
-0.428277
3.331783
2.074884
-0.005542
0.256256
0.612269
-0.009310
0.440469
2.115892
0.999978
-0.048105
-1.436681
1.157146
-0.393918
-0.542219
1.731286
0.826406
-0.320987
-0.838821
1.287047
-1.505177
2.292126
-0.365100
-1.868505
-2.698680
-0.410987
0.550421
-1.223651
0.278424
-0.380395
-1.988430
-1.022590
-0.870965
9.327340
2.410319
2.285524
1.692758
1.722005
2.824914
2.344267
3.804740
2.188032
0.950089
-0.700988
-0.199133
3.524685
2.342318
0.601542
0.438728
1.099257
1.289859
0.446040
1.412214
1.311308
0.107488
1.429519
7.267761
4.438457
4.561299
5.219635
0.858686
1.685931
0.960080
3.301180
-1.531645
2.555098
0.250563
0.394611
0.896711
-0.859174
4.312446
-0.566446
2.575814
0.570102
2.025702
1.795125
2.721570
1.750523
2.441029
2.245552
1.240381
3.740149
-0.676238
0.473488
-0.043197
-0.025705
0.138107
-0.141454
-0.579655
-0.454325
1.351563
1.050405
0.034070
-0.001065
1.099533
0.222979
-0.281082
0.646578
0.246554
2.714078
1.321143
-0.014602
-0.439114
-0.378883
0.699814
-0.724758
-1.736834
-0.545432
-0.691753
-1.191250
-0.022511
-0.036353
0.891308
-2.640766
-0.389834
-1.319927
-0.615094
-0.145408
0.205335
1.250569
-0.878380
0.647339
-0.238950
-0.259484
-1.747177
0.163203
-0.560946
-1.314756
-0.900739
0.162595
-1.603595
-0.754694
0.209835
-2.112793
-0.866201
-0.957437
-1.753945
-2.579092
-1.126470
-1.682987
-1.025100
-0.746840
-1.100366
-1.419428
-2.514216
-0.148253
-1.884713
-0.589971
-1.675891
-3.207838
-1.000011
-2.305904
1.749128
-0.451095
-5.053524
-3.286398
-5.061123
-2.691614
-0.063357
0.867722
0.945776
-2.470881
0.871525
1.024590
0.254183
0.717442
-0.805634
0.506594
-2.756490
-0.664478
-2.386998
-0.941215
-1.479490
-0.314500
-2.541839
-1.641679
-1.699967
-2.930594
-1.288153
0.162951
0.612356
-4.929075
-1.186341
-1.224322
-1.342144
-1.843654
1.271606
-3.487521
-1.145453
-0.874350
-0.279436
-0.443766
-1.489805
-2.244593
-0.557125
-0.407525
-0.223044
-2.195758
-2.786410
-0.232539
-1.334973
-2.405045
-1.371016
-3.164287
-6.147002
-4.994184
-0.993914
-2.909657
-1.808774
-0.616619
-2.115338
-2.322106
-2.123673
2.747071
-2.612005
-3.070885
-1.791721
-1.959923
2.020581
-0.790248
0.495311
-2.612975
1.382838
-1.675259
-2.643592
1.215408
-1.069296
-0.948182
1.614798
-3.518763
0.976442
-2.742790
-4.551234
-3.854609
-2.324684
-0.749096
2.988598
2.192545
1.058704
-1.576561
-0.948593
0.740345
-0.430412
0.064447
-0.000326
0.590721
-0.374388
-1.544176
2.114492
-0.283056
0.488058
-1.095303
0.980330
5.918577
3.905777
0.215042
-1.556159
0.454052
0.942434
0.817751
3.780115
5.800365
0.686264
-0.071898
-0.131165
2.718496
0.395111
-0.192051
0.231562
2.454226
0.613718
-0.351717
0.069305
-0.941145
-0.381184
-1.776060
1.420134
0.947943
7.396395
4.323514
2.068087
2.051524
1.732885
2.893317
0.244604
3.911613
1.395017
1.243062
0.749763
0.335616
1.880748
1.196636
0.294914
-1.487052
-1.995280
-1.189272
-0.448917
-1.000297
0.894971
0.670615
-1.298282
-3.374343
1.007252
0.503116
-2.709865
-0.897631
1.766219
0.465483
-1.746789
1.567428
0.853250
-1.194796
0.412923
2.023093
1.468848
-1.517320
-1.938423
-2.489803
1.391336
0.579809
0.106349
0.889857
1.105422
0.379382
0.373654
0.162387
-0.823184
-3.892225
0.179538
-0.357217
-0.013568
-0.274326
-0.090326
-0.276742
-0.105567
-2.293108
0.122294
-1.194320
-1.068123
-0.040703
-0.185115
-1.077043
0.369857
-0.602179
0.781716
0.666299
1.904668
-0.384909
-1.173875
0.106869
-1.090426
-1.830696
-0.378778
0.102593
0.095531
-0.957723
0.683769
-0.208716
-1.470874
-0.138836
-0.614445
0.403868
0.754211
-0.163741
0.975566
0.099062
0.600692
0.909401
1.303975
-0.583221
-1.269964
-1.256580
-1.095630
0.504976
0.205001
-0.474493
1.185112
0.873492
1.875571
1.307844
1.229985
0.305591
-0.183389
1.717897
-0.788537
-0.401539
-1.026021
-1.403085
-1.135806
-0.403135
0.428678
-2.541018
-1.806931
1.027086
-1.032938
-2.262566
-1.444232
1.083308
-1.485911
1.240803
2.746403
0.747390
-0.545200
1.161346
1.415678
-2.555031
-1.973827
2.278173
0.964478
-1.859961
-0.102158
0.793326
-1.834953
-0.838376
-0.581027
-0.337869
-1.104591
-0.072007
1.312101
-1.462323
0.158737
-0.644877
0.627851
0.036892
-0.014545
-4.511796
-10.307999
1.221924
-0.047628
0.385884
0.893398
1.935822
-7.832400
-0.498296
-1.677457
1.709210
1.301559
-2.154243
-0.530559
0.548226
0.448363
2.229783
1.457757
1.495654
-0.816835
-0.933600
-0.835017
-0.036617
-0.146722
-3.954865
-0.514683
0.837063
-0.779962
-0.842954
-2.084082
-3.067869
1.511787
1.180442
-0.439400
-2.359860
0.441705
1.610369
1.930958
0.832200
1.760677
1.020918
-0.746162
0.938977
-0.778938
-0.895957
-2.895797
-1.447513
-0.605072
-1.278769
-16.068279
-0.906201
-4.007687
-1.346050
-1.978450
-2.331302
-7.289791
-2.124184
-3.761703
0.527734
-3.134607
-4.412206
0.793588
-2.124185
0.825827
-1.952394
-2.824592
0.597510
-1.604401
-0.593533
1.356209
4.567657
2.917772
2.037626
5.601043
5.780340
3.734767
4.422365
4.437822
2.912472
6.701557
9.322120
8.680007
3.452572
5.687602
2.387389
-5.216837
-3.239711
1.795620
1.821234
-2.103868
0.257466
-6.694492
-3.052024
-6.569954
-2.348524
-2.019079
-2.658541
4.503622
-4.822679
0.612205
-5.455152
-3.524600
-3.809628
-2.442708
-2.224265
0.494782
-5.116399
-3.782609
-2.351020
-2.029315
-3.404607
-2.030602
-3.361175
-1.619142
2.377401
2.653102
2.752187
-0.445242
-1.339902
-1.869750
0.444595
1.472444
-3.940894
0.048573
1.613996
-0.903989
-2.314668
-0.085574
3.272062
-5.664584
-1.752007
2.087544
0.548508
0.067237
-1.661286
3.620469
0.047290
4.745472
-0.124500
-0.688448
-1.635549
-0.698746
0.706464
-2.633479
-1.636193
-1.565095
2.052478
1.230113
-1.041182
0.557444
-0.740660
-0.767303
-0.826996
3.041369
-1.441185
-0.327164
-0.771978
-1.403122
-1.296202
-1.504505
1.076651
0.279414
-1.063499
2.484962
-1.244644
0.272491
1.495163
-0.247580
-0.284086
-0.006576
1.174229
-4.410408
-1.905891
1.317137
-0.520765
-0.852600
-0.175088
1.842398
-2.248974
-1.784439
1.065748
0.744469
-1.242739
-0.248100
1.138589
0.378375
1.242743
-0.034082
0.486683
1.097066
0.440486
-0.046194
-1.357620
-1.471462
-0.590834
-0.148617
-1.696993
1.516501
-0.692481
1.228517
0.988194
0.194519
-1.842558
1.274890
1.561588
0.236169
0.432836
0.597725
1.011525
-0.137837
-0.767483
0.873116
-0.867390
-1.916703
-0.582554
0.189508
0.174623
0.011880
1.083092
-1.741936
0.083876
-1.612973
-0.789525
1.417024
0.298863
0.171330
-1.230950
-0.739429
-1.760973
-0.782368
0.678167
1.303518
1.681821
-2.805990
0.087454
0.680028
1.463683
0.169470
-1.082091
2.230165
1.047308
0.098476
1.771565
1.967801
-0.946971
11.206663
7.392795
-2.816835
-1.217800
-0.581534
0.290768
-6.520122
2.707008
-1.124724
-0.324275
-2.641480
-0.856667
0.796355
-1.668654
0.997024
0.263216
2.855927
-3.304551
0.433734
0.713331
-0.460538
-0.486225
-1.021967
1.817950
-0.139238
-0.523085
-3.420707
-2.323906
-1.017129
-0.213329
-2.469480
-6.443055
-5.150796
-0.522711
0.837680
0.043186
1.907303
1.509680
1.715566
4.176851
3.746844
-0.779973
-3.100903
-2.074091
1.426284
0.280344
2.447142
0.332837
-4.942677
6.255227
1.061582
1.819761
-1.655259
-1.681182
-0.351086
1.360181
-1.087185
0.765539
0.522630
-1.695264
-1.480515
-0.770021
-2.758766
2.621466
-1.029895
-1.929214
-2.321906
-0.353645
-0.150421
-4.099746
1.982978
1.622936
-2.495051
-0.780903
-0.477184
0.024964
0.474940
3.491659
3.053524
2.094036
3.320119
3.204903
0.252513
1.063179
1.597970
2.041231
-0.922042
0.549193
3.285874
0.094729
0.198106
0.542472
-1.557644
-0.385653
0.249315
3.494861
0.759460
0.722652
-9.157684
-4.429371
0.485632
-0.367416
-0.254301
-2.696064
-1.537693
-4.323486
-3.990089
-2.592730
-1.604879
-1.191545
-2.190022
-0.457563
0.595341
-1.873207
0.458843
0.725470
2.970350
2.177261
4.502512
1.389282
-3.492125
1.677170
-8.335258
-1.172405
-2.595278
2.625473
1.043982
1.309336
2.164505
-9.699448
-2.894653
-0.171371
3.838276
0.157764
-4.013903
-0.372940
-3.990089
-0.144157
-0.326591
3.266747
1.673342
3.581848
4.553963
4.865246
5.489511
4.377064
2.335451
2.794106
1.412630
-0.673584
0.373862
-0.573020
0.115549
1.051388
3.785945
0.711047
2.374892
2.525146
1.685929
4.646462
0.625074
3.722058
0.247663
4.013894
5.867036
5.590977
4.804206
-0.507161
2.906506
4.573504
8.715958
9.221144
10.095855
3.393942
-0.970150
0.220845
5.645006
7.221695
7.849137
3.591128
7.403104
1.807395
0.885360
4.106960
2.711683
6.700337
2.308244
3.278393
1.957651
-2.979071
2.490443
0.029577
3.830511
0.168789
1.985650
-0.946882
-1.252782
-1.535638
0.797238
0.692301
0.554365
-0.063731
-1.212796
-0.648827
-0.652493
0.640793
0.364047
-0.174953
1.256271
0.152778
-0.553144
-0.505302
-1.618924
-0.051508
-1.707098
-0.149635
-0.323541
-0.892224
-0.917716
-0.424810
-3.683609
-3.372815
0.916492
-1.664670
-1.345669
-1.387575
-1.223272
-2.219210
-3.449291
-0.058841
-0.256319
-1.691384
-0.154874
1.249811
1.130907
0.096206
-0.536381
0.156270
0.446635
0.994890
0.828144
1.230081
0.971318
0.616699
-1.107859
10.640797
2.283741
0.097161
0.632012
0.629513
0.331159
2.927937
-1.394299
0.775723
-1.607989
0.216815
-0.079663
-0.349902
0.699183
-0.272109
-0.440501
-2.579909
0.079041
-0.950048
-1.134060
0.945989
0.029369
-0.676373
-5.908045
-7.762841
-4.696507
-2.921686
-0.301790
1.031589
-0.080602
-3.940784
-4.501248
-5.657490
-3.328136
-1.655164
-0.440502
1.597995
-2.857646
0.686684
-0.549221
-0.982849
-1.334315
1.652354
1.812310
0.090598
1.406796
0.606706
1.833554
0.014683
4.613493
0.445511
0.563127
0.038982
0.413213
0.504544
-0.665595
1.582457
1.800755
1.059425
0.855604
1.275276
0.631512
-0.407865
0.152811
0.792567
1.056530
1.969383
3.080487
0.767392
1.034701
0.439720
0.612578
-0.048560
-0.281785
0.968540
0.404970
-1.631464
-0.799917
2.337820
1.586910
5.024923
4.057938
1.966708
-0.730194
0.094892
-0.481372
-1.467959
3.380093
-0.135437
2.091010
-0.029403
-0.585623
-2.577951
-2.382146
-1.014874
-1.351678
0.466229
-1.889857
5.070209
0.704923
0.995484
-2.509841
-1.683181
-1.243093
1.318427
-0.034225
2.135901
0.152973
-2.110408
-1.671926
-2.300821
-1.951000
-0.292628
-0.814945
-6.165380
-2.244774
-3.693211
-2.653396
-2.235818
-0.870764
-0.809202
-4.349897
-2.957280
-1.880255
-3.757984
-2.051835
-1.688924
-0.338796
-1.482890
0.011714
-2.222264
-2.766406
-1.546742
-2.338492
0.976419
0.630733
2.952682
1.849477
0.468568
-0.748338
-1.021441
-2.493993
-1.188424
-2.216063
-1.267208
-0.745579
-1.397902
0.157511
1.580960
-0.566915
0.073039
0.117626
0.937194
-0.269167
1.147294
0.190157
-1.765401
-0.143158
0.208068
-0.475964
0.182282
-0.297113
-0.411055
-1.585152
-1.530912
-1.136371
-1.022301
-0.467963
-0.916109
-0.522203
-3.630771
-2.396083
-3.148708
-1.440597
-0.833541
-0.686446
-0.538715
-0.453863
-0.336999
-1.732501
0.361514
-0.534015
1.002484
-0.436587
-1.026494
-1.044912
-2.242255
-1.777087
-0.474567
-1.057488
-0.586350
-1.242564
-1.659970
-1.139929
-0.725316
-0.320740
-13.620201
-5.307838
-5.823483
-3.642346
-4.405302
-3.776019
-6.256685
-3.503746
-4.707461
-2.111179
0.706464
1.283526
-1.537405
-0.764598
-2.916503
-2.132857
1.948936
2.437316
6.308255
1.298963
0.076200
-1.296662
0.217093
-0.753428
-6.493819
-4.731109
1.631337
2.237628
-3.277127
-0.036455
0.468020
-4.658196
-3.892285
0.136298
3.051164
-0.088348
1.400121
2.181798
-0.186551
0.616475
3.450868
2.718789
-4.840805
-0.918958
0.309058
0.161593
0.616805
1.506534
-0.973476
-10.705296
-4.269700
-0.461962
-1.188207
-1.138265
-3.647161
-1.471212
-2.360456
1.426124
-1.269361
1.543694
1.019300
-2.348319
-1.910632
-0.417919
-1.346356
2.962193
4.942185
6.207038
1.661960
-0.774450
-0.152948
0.161616
-2.604623
-0.622196
1.655026
-0.052717
0.691556
-0.979419
-0.862191
-2.848084
-2.471787
0.339538
1.841268
-0.495953
-4.039416
1.348437
-2.042426
2.038606
0.524393
2.633754
-1.911327
-2.919879
0.458842
-2.102424
0.230632
0.096412
-0.067632
-3.437685
1.329550
2.740851
-1.427409
-1.221925
-1.143587
-0.177663
-3.658453
2.651531
-1.508922
-3.116923
-3.175737
-2.162469
-1.745154
-2.803816
-2.328174
-3.675783
-2.251789
0.535676
0.027088
-3.529845
-2.643723
-1.596531
-5.425085
-3.585974
2.449952
-0.303834
-2.577098
-1.063785
-0.965924
-1.983830
-1.373233
-1.984317
-1.409106
-0.687714
-2.101702
0.538847
-1.599461
1.213872
-0.735061
1.299042
-2.253985
-1.668525
-1.507211
-0.121778
1.022298
0.905645
1.825445
-0.381928
0.004636
1.419127
1.861151
-0.541456
-0.590055
-0.795452
-0.174803
1.133262
1.469002
0.226269
-2.987564
-1.043233
-1.584848
-1.764110
0.813139
-0.958781
-1.372758
-2.282938
1.300416
-1.965205
-2.547931
-0.972007
-0.468315
-0.664947
-0.199819
0.566950
-0.982046
1.424227
-0.985551
-0.263397
-1.328620
1.870553
-0.528229
-0.576671
-0.778720
-2.259038
0.041748
-1.830719
-1.326230
0.325064
-1.898120
-1.302009
-0.477078
0.591808
-0.101026
-1.724753
-0.893769
-2.455669
-1.290537
0.653157
2.998152
3.616993
0.121967
0.343477
0.293703
2.128977
-3.086927
1.671982
-1.733393
1.342474
0.829004
2.314980
3.089262
-2.126936
-0.295736
2.578121
0.246548
-6.285633
-2.941093
4.690504
-0.061125
-1.504021
2.004400
-0.488726
-8.614000
-6.234983
1.836733
0.038425
-1.040617
1.995081
2.666319
-5.789045
-1.894361
2.493124
-0.502113
0.768461
1.847502
1.162003
-2.260836
-0.415665
4.306276
-0.113228
-1.425718
-0.954456
0.192698
0.331835
0.377245
0.562082
-5.183306
4.914498
1.381531
0.377330
-0.475941
-0.139450
0.880559
2.253060
1.295902
0.121198
-0.976537
-0.717017
-0.747129
0.030676
1.146291
-0.406310
0.092968
0.320683
2.414906
1.808169
0.359075
0.233737
-0.773101
-0.019197
2.715075
4.357066
3.851767
0.753904
-0.580013
-0.218304
-1.947430
0.601655
1.682076
2.814255
-0.627813
-1.449281
-0.197415
-0.635719
-0.287372
0.904274
2.837025
-0.188758
-1.420298
-0.276454
0.219060
-2.200739
-2.405496
-1.910169
-0.537857
-0.372999
-3.367461
1.209137
-0.548637
-1.154563
-0.587584
-1.375105
-0.383571
2.580396
1.003537
1.456625
0.084008
0.557697
-0.067927
3.205566
0.979311
0.903906
0.194051
0.967760
1.552403
0.241151
1.981035
0.631287
-1.889329
1.643203
5.250453
4.733513
-1.994846
0.461238
-0.055247
-0.946475
1.962921
3.891874
4.429872
-2.118703
2.304828
1.065352
-0.121139
-0.277829
0.793185
1.455944
-0.951005
2.294864
0.837338
2.049416
0.365006
0.566978
2.411930
2.400835
2.070928
1.176918
0.138076
-5.018338
-1.600086
-1.738977
-2.416370
-3.764671
0.408550
-1.854717
-0.641661
-3.726900
-4.861983
-1.127777
-3.294392
-2.981280
-0.569373
-3.384953
-0.069038
-0.432916
-4.118395
-1.888834
-3.267177
-2.873250
-3.937673
2.338808
-0.486523
-5.815948
-3.600598
-2.508561
-3.236312
-2.052497
5.652281
4.133825
-3.235098
-2.104481
-1.652065
-3.207075
-5.010219
-1.929850
-4.066412
-5.570652
-4.978947
-5.159670
-0.893853
-3.815432
-2.426934
-3.209511
-1.572467
0.771615
-7.763637
-3.845317
-8.852799
-5.387005
-5.918333
-5.769065
-7.569336
-3.359751
-3.934297
-3.125137
-1.044132
-0.467408
-2.449265
-5.605272
-4.484872
0.816785
-0.021791
0.929373
0.719093
-0.324316
-1.469048
-2.991488
-0.242965
2.910865
-0.518619
-0.581445
1.236617
-0.187761
-4.628691
-0.213186
3.392799
-0.944260
-0.543313
1.530065
0.867992
-4.762702
0.794269
1.899779
0.083895
4.775052
3.127678
-0.177230
-7.586765
0.144908
0.876710
3.675713
3.573661
1.445081
-2.586183
2.149457
0.316891
0.427008
0.221191
-0.409714
0.391648
-0.452377
2.095070
-3.143377
-1.592539
-0.190444
-0.365899
-1.585045
0.027479
-0.314013
-0.805975
0.591508
-1.671522
-1.285638
-0.904942
0.400489
1.338870
-1.709958
-1.122098
-2.209029
-1.304087
0.173341
1.513363
1.851397
-2.328752
-2.252843
-6.732785
-4.476674
-1.821034
0.774458
1.948442
-3.227166
-0.830957
-4.633483
-0.658576
-1.727827
1.730903
-0.072835
-0.325925
0.898983
-2.304732
0.381847
-0.726609
-2.139848
2.250478
0.885015
1.257955
1.211404
1.457515
0.564947
1.794269
0.091875
-0.400873
-0.358889
-0.168816
-0.992697
0.318135
0.308824
-0.254016
0.579001
-0.078699
4.982813
1.945695
-0.405616
-0.338160
0.194991
0.458316
0.827747
1.958167
1.998044
1.761948
0.265785
0.369956
-1.197351
-1.105476
-0.930688
-1.135691
-0.494153
-0.457614
-0.143169
-1.465771
3.273566
1.111449
-0.487126
-0.546854
-0.217828
0.303905
-1.358964
-1.302751
-0.774168
-1.274117
-1.350532
-0.963888
-12.261012
-0.232037
1.855370
-0.437687
0.796196
0.821676
0.867173
-2.963686
0.315293
-4.573825
-6.779982
-4.641161
-1.985038
2.601981
3.298081
-2.834471
-1.247992
-7.531136
-3.501001
-6.585249
2.161113
6.177142
-1.276649
-5.125250
-5.310875
-1.314410
0.607382
6.779064
5.869127
-0.232490
-4.189372
-8.758652
-4.387740
-1.845818
3.955972
2.014158
-2.676595
-8.820071
-4.047425
-3.435944
-7.534778
1.373557
2.677502
1.887221
-2.178858
-2.364032
-5.595691
-3.442768
5.860935
-2.882493
0.763071
-2.844602
-0.714628
-1.338609
-2.123741
-4.474819
1.581300
-2.047960
2.907436
2.458035
1.114628
0.005756
-2.896400
0.853240
1.563069
3.509833
1.426380
5.090648
4.473861
0.427339
-1.004795
0.696885
4.573624
1.651797
3.932856
0.587531
-2.341006
-0.235013
3.470984
2.351082
0.619184
0.992805
3.743405
1.776978
1.362113
2.031176
-0.437410
-0.370265
-2.607194
-0.778898
-0.545324
-2.101201
-1.524699
-0.509830
3.549640
2.452756
-0.278656
0.659952
-0.463378
-0.652405
-1.137878
-1.820284
-1.270297
-2.215919
-1.236264
-0.833207
0.933044
0.800788
1.188039
1.421903
-1.246103
-1.382874
-0.903688
0.601114
-0.248705
1.202716
1.482549
-0.626278
-0.871917
-1.768672
-1.134492
-4.577642
-2.271078
-1.739157
-2.900421
-2.147212
-0.541602
0.615309
-1.226427
0.989172
0.214671
-2.393174
-1.538838
-1.295133
0.757239
-2.312693
0.988363
-0.810791
-1.358679
-1.204492
-1.439162
-0.408702
-0.747564
0.077899
-0.694664
-0.368703
-1.796093
-3.967854
-0.921109
-2.552004
-1.443445
-2.082128
-0.370185
-1.884482
-1.705978
-3.772692
0.877601
1.863099
1.272893
1.221183
-1.235606
-1.260216
2.059007
2.121161
0.976298
0.199883
4.225414
0.508411
-0.937019
1.433995
-3.154891
-5.395635
-5.303895
1.380046
1.714677
-1.307453
2.048068
-3.834348
-8.300667
-8.633064
0.891026
2.134336
-0.093479
3.362234
3.318229
-1.667691
-0.458441
2.360076
3.038787
-2.249943
2.252178
1.948623
2.407063
2.030663
2.497311
-2.546038
-3.394355
3.320042
-0.139664
-0.258128
-0.088738
-0.004589
2.671332
3.209009
1.050653
-1.968419
-0.380311
-1.157316
-3.291190
2.437903
1.282775
0.276708
0.011147
2.644669
1.360581
-2.120979
0.678872
0.739196
-0.316265
-1.572814
-1.396646
-0.026883
-1.147916
0.170484
1.596856
-2.052130
-0.635376
1.197970
1.457627
-1.513142
0.253977
2.111145
0.614831
1.886456
-0.554288
1.085625
0.684119
1.613248
1.589206
1.275563
0.587073
-0.707065
-0.541174
0.292226
1.701987
-4.802446
-2.005175
2.200170
-0.052120
0.415591
1.213533
0.987538
-7.724622
1.351461
-1.394145
1.694718
0.946198
-1.007305
0.834782
0.189602
1.399533
0.077724
7.682845
4.922411
-2.116600
2.127835
1.912625
1.411219
-2.895220
-1.238240
3.685066
2.758634
7.256917
3.061454
-0.032347
0.465913
9.059464
4.413364
1.063467
4.277232
1.911277
1.927898
-0.686512
1.938232
0.666745
-0.057060
-0.105135
3.628012
1.359998
2.216791
1.123222
2.037974
-0.687861
1.697417
-1.472269
-0.121557
-0.357884
0.889668
0.947269
0.049938
-0.091553
-1.266608
0.787822
0.229097
2.301268
1.584188
-1.564038
0.561354
-1.416637
1.541040
0.988667
1.025242
-1.593609
-0.598587
-0.018837
-0.589828
0.540327
-3.718561
-0.917264
-4.666706
-1.026121
0.806003
1.092045
0.139297
-3.078140
-0.927341
-1.735971
-1.160162
-0.409792
1.950394
-0.275311
-1.863224
1.844166
-1.556811
-1.580028
0.717299
-0.084326
1.363853
0.185512
1.981712
0.469584
0.777308
2.391285
-5.964903
0.289307
0.883119
0.924910
1.087325
0.831451
1.929224
0.088332
0.638642
0.496363
0.124233
-0.011018
0.479266
0.988736
0.318941
0.287028
-0.763635
-0.202497
-0.660298
0.854245
0.648899
0.045020
0.473948
-0.989877
0.670175
-2.149386
0.485724
-0.835249
0.061356
0.751478
-0.403854
0.696008
-1.499916
0.186159
0.924910
0.568547
0.304124
-0.541574
0.592483
0.231181
0.765534
0.817773
0.295006
1.463444
-0.168684
-0.315333
0.102386
-0.191480
-0.487245
3.062078
2.277530
-0.133764
-0.127959
0.060557
0.572391
0.301335
0.336796
2.328339
0.779570
-0.405859
-0.771483
0.682721
-0.332443
-0.713414
1.557481
1.010808
1.178999
-0.793672
0.629006
-1.154318
-0.040025
2.755767
-0.028621
3.300368
0.904209
0.144342
1.209277
-0.260686
0.266906
-0.684379
3.857203
2.626772
-1.598130
0.438417
1.222964
2.759917
1.418118
2.246009
0.282876
-0.346959
-0.682306
0.578820
0.553519
0.533402
1.117407
0.635231
0.164667
-0.200129
-6.481090
0.619625
-3.024690
0.760560
0.552728
-0.210209
-2.846888
-1.518737
0.398715
0.394254
0.980281
1.702186
2.319731
-0.668087
-1.995943
0.877706
0.706147
8.997355
4.874349
2.398521
1.392671
0.368091
-0.094548
2.833212
11.132150
4.701900
1.970374
-0.706741
-0.408228
0.721608
2.829349
2.555213
1.715267
1.591580
-0.240538
0.808724
-0.518830
2.946493
0.300599
1.031719
0.099010
-0.941926
-3.168294
-1.391480
-0.921708
0.109119
-0.556000
0.775723
-0.480474
-1.016464
1.208579
0.424242
0.506487
0.517601
0.745599
-0.198147
0.846894
0.976930
0.584920
-0.555387
0.018736
0.189893
0.727022
-0.965498
-0.709397
-0.713684
-3.153547
-0.750042
-0.687487
0.087326
-0.693678
-0.928186
0.258640
-1.316385
-0.077640
-1.039804
-0.002222
0.144325
-0.342313
-0.561420
-1.739674
-0.815774
-0.442659
0.568407
1.272247
0.668752
-1.601066
-1.177299
-0.873250
1.094898
0.669071
-0.137973
0.443929
0.455203
1.036629
0.616516
0.436625
-0.531730
-0.596705
1.967915
-1.192891
-0.448044
-0.252650
0.138312
0.141761
1.705264
1.529528
-0.720011
-1.231522
-1.231694
0.794859
0.889193
0.118306
0.602049
-1.941875
1.519871
-2.086912
0.023798
-0.060015
-0.000173
0.889538
-3.373793
-3.013008
-6.177267
-1.507453
-0.160041
0.454599
0.041218
-2.407166
-3.263247
-3.357409
-0.956967
-0.208674
0.424762
1.015260
-0.417348
-2.014307
-3.544869
-0.930238
0.955588
0.306802
1.188234
-1.093382
-0.111925
-0.939723
-0.121067
-0.488746
-9.888557
1.051873
-1.124742
0.525936
0.385254
0.552631
-1.939800
1.268128
3.008087
0.692050
2.356256
0.818123
0.467859
1.880820
1.732743
1.289051
-1.032216
-0.565437
-2.346878
-2.196816
-0.661029
1.225743
0.958626
-0.218421
-0.786923
-2.694077
-0.319243
-0.833096
0.713334
-0.255574
-0.104431
1.932401
2.800669
1.757092
-1.716331
2.330825
-0.015331
1.256406
1.300593
2.138018
-1.228269
-1.291216
-0.132567
0.640287
-1.626330
-2.338761
-1.670700
0.453972
-0.286777
0.685852
0.336676
-0.087481
0.365137
0.180837
-0.060380
-0.031769
-0.382602
-0.530011
-0.642789
0.269975
0.026501
-0.349325
-0.656039
0.675011
-0.778904
1.289492
0.929779
1.217670
0.148465
-1.096309
1.396099
-0.474600
-0.260939
0.493272
-1.186201
0.767012
-0.255669
1.872505
1.023132
2.547363
1.752650
1.893887
2.924849
0.305510
0.607104
0.503510
2.049274
1.293709
0.753007
0.845308
0.386818
-0.511942
-0.159755
1.138922
0.530614
-0.387570
-0.003011
-1.686098
-1.354038
-3.485596
-1.011588
-1.330975
-1.856179
-0.983722
-0.353018
-4.726059
-3.768279
-0.898591
1.260449
1.289468
-2.428271
0.838440
-2.046812
-1.357304
-0.162960
-0.657801
2.091972
-0.914734
0.712185
-1.999730
0.976420
1.813134
-2.624863
-0.321694
2.705190
1.605972
-2.701347
-0.930108
-0.602455
-1.708976
-0.049389
0.865344
0.293829
-1.705133
-0.697389
-1.240464
-1.477026
-0.528662
-0.379153
1.976285
0.519629
1.617695
-0.112420
-0.151623
0.839210
-0.144704
0.830562
3.026942
3.596026
-1.565740
-1.109933
-0.961022
-1.294812
-3.467958
4.410492
-2.030284
1.684736
0.455470
0.251431
0.716651
-1.753979
-0.719338
0.748584
3.893512
1.765747
1.318004
3.855862
2.582563
-0.963714
-0.387902
-1.588937
-4.611170
-1.824568
-0.611439
2.006083
-2.682396
4.274694
0.783206
-2.991309
-3.642417
0.657829
4.627978
-0.085042
1.940199
-2.462896
-1.200693
-3.415181
-0.578161
1.331788
-3.766447
-0.894131
4.086456
3.957041
4.128137
-0.364039
-2.765761
0.998000
-1.033247
1.727045
1.095698
1.403392
1.218320
0.967301
1.907257
-0.317877
1.856352
1.321039
2.289102
1.937037
1.267096
1.577528
-0.703977
-0.667812
-3.108407
-1.164380
-1.479826
1.010760
1.167873
0.226252
0.730567
-0.908499
0.063058
0.366499
0.446728
2.419776
-1.145083
-0.808821
-1.018664
1.203427
-0.763085
-0.055461
1.526624
-1.588923
-3.068596
-3.027722
-2.575524
-0.211360
-1.205559
2.313563
-0.809277
0.829029
-0.813228
0.135840
-0.385493
1.617185
-4.783531
-8.012076
-5.378301
-2.759749
-4.552822
-4.953794
0.010150
-8.518255
-9.982336
-2.342163
2.302480
2.368001
-5.234796
2.687763
-7.003416
1.359802
1.307199
0.584616
1.516222
0.581848
1.277668
-0.733195
7.391468
-0.272698
-9.956497
-6.566452
2.672538
7.724153
-4.117241
5.014243
0.681054
-5.277247
-3.044906
2.491662
6.530921
-0.142582
1.913044
3.008914
-0.206255
0.353911
4.688937
8.537634
-7.252584
0.992511
0.701816
1.507917
1.208915
3.198552
-8.065139
1.264421
-0.554874
0.064323
-0.091604
1.241896
0.869478
-0.025280
-1.645849
0.329370
-1.163056
-3.395316
-3.061692
-0.733075
3.425101
-0.804154
0.074083
-1.765235
-3.002625
-1.525715
-3.196843
2.707294
-0.472030
-2.204479
-2.497057
-1.345511
-0.658990
-3.577271
-1.302964
-0.700787
0.092854
0.234763
1.852583
2.374420
-1.713176
0.761607
-0.874733
-3.979973
-3.010133
-2.957322
-3.043670
-5.014887
-1.996744
0.449006
-1.352521
-0.330371
1.092476
-2.747088
-2.690524
1.852334
1.100672
2.210960
3.981106
1.494246
2.110216
2.486231
4.375309
2.498562
1.198074
-1.827000
0.828536
1.083533
-0.118094
3.098228
1.597709
-0.083815
-1.846856
1.017692
0.617219
-0.967531
2.661386
0.208388
-0.485961
-3.259380
0.518982
0.181633
-1.481080
-0.272346
2.196955
-1.051763
-0.981326
-0.485542
-1.427570
-2.273874
0.505396
1.181144
-0.839613
-0.855289
-2.693575
-4.081015
0.033023
1.697200
4.396000
1.365702
0.589005
-0.742631
-0.777537
2.049808
1.289411
2.155088
4.944832
-1.416775
-1.308281
-1.743273
-0.152043
-0.667001
3.277200
0.836619
-1.454213
-2.066206
-1.663049
-0.508337
-3.005201
-2.409001
-3.183478
-0.955808
-5.227271
-2.968782
-2.953249
-3.522200
-0.832289
-1.908559
3.451655
3.991060
4.163478
-0.877111
-0.639752
0.184897
-3.048499
0.317076
-0.953005
-0.446705
-1.056660
-1.862972
0.383036
-0.514959
-0.033362
-1.433584
-0.874310
-0.175983
-2.826419
-0.795614
-2.006610
-1.071942
-2.421990
-1.286380
0.302049
-2.593389
5.723250
-0.034683
0.849827
0.242977
0.768705
0.055649
2.935693
2.412903
-0.673669
-0.992478
-1.346162
-1.582672
-1.605403
0.375437
0.436377
-0.964653
-2.103306
-0.124231
0.519850
-2.800293
-0.161853
-0.950153
-1.852690
-1.453151
1.743740
1.171769
-1.991615
-1.413765
0.484188
-0.637222
-2.225186
1.012856
0.375826
-0.358389
0.195555
-0.146960
-0.292746
-0.965632
0.152252
-0.013912
-0.116393
-0.328410
1.914609
-0.145198
0.048792
0.111104
-0.162050
-0.590785
1.039699
5.043754
-3.247703
3.908254
1.854266
2.242752
2.781518
4.342773
-2.461473
-1.509619
0.244783
-0.031906
0.157343
-0.577737
2.107573
-0.783305
-0.915319
2.580818
-0.028497
1.220019
-1.368836
1.519360
-0.450596
-1.946334
3.823979
-1.396119
3.192901
0.678330
0.542419
1.458225
-2.196232
2.924736
0.485183
6.604278
0.061379
0.599658
0.018509
-2.895994
0.536572
-1.241209
-0.757489
-2.935694
-1.375901
2.885032
-0.070636
0.119592
0.404317
-0.033855
-1.775836
1.575869
-2.026663
-0.446757
1.460083
-1.048033
-1.074600
0.211176
2.042383
1.799214
0.307960
-3.311894
-1.167582
0.057742
-4.231423
2.684055
0.661994
-0.654413
-0.546792
2.907157
5.893743
-2.489408
-0.159130
1.512129
1.391496
5.200027
-0.130392
3.844849
0.627298
1.954277
2.543895
-3.091229
-1.763164
-8.962472
-7.155117
-0.492839
0.236663
2.675101
0.675281
4.036511
-1.320749
2.148380
0.820584
2.935890
2.624676
1.515928
0.039843
-0.966161
-0.559530
2.503503
2.606790
1.434776
0.125591
0.539766
-0.015458
-0.119656
0.527206
-1.789741
-1.826176
0.177485
1.611705
1.552221
2.258567
2.534593
-0.661492
0.315773
1.209262
-0.177070
0.303903
-0.479868
0.678329
-0.161886
0.547355
0.839665
-0.446056
0.859262
-2.216198
1.186904
1.406343
2.084535
0.291205
-0.765691
-0.315496
-2.527968
0.193356
-0.090121
1.526828
1.126593
0.100888
0.715732
1.417523
1.595420
0.422180
0.943728
1.036887
1.703069
1.296485
1.519789
1.234518
-1.865508
-2.901636
-0.142338
0.075916
-0.597969
-0.585814
-0.458151
-0.362370
-0.798430
1.485365
0.609091
-0.401808
-0.726668
0.400329
-0.894657
-0.999337
-1.743057
-1.770189
-2.519691
-2.374980
-1.378018
-2.441405
-0.111053
-0.894214
-0.915564
2.078592
1.577292
-2.432659
-1.375051
0.666325
0.311217
-1.927950
1.610950
-0.171548
-2.545197
-1.505230
-0.022092
0.445552
-2.338358
0.276672
0.214697
-0.112833
-0.188006
-0.440657
-1.111872
-0.108531
-1.063981
-0.030693
-0.907411
-1.567803
1.238033
-1.551374
0.514571
0.157347
0.015780
-0.282383
-0.360831
-1.112551
-0.679884
1.241792
0.002705
-0.050344
0.702124
-0.208591
0.670567
0.889229
1.713081
-4.384673
-2.558128
1.707375
1.213089
0.503300
-0.163360
-0.045385
-1.007801
1.425740
-1.781610
-0.115717
0.575737
1.086849
0.147881
0.733985
1.314681
0.011873
0.788386
0.382021
0.543125
-1.232775
0.968878
-0.805519
0.018334
-0.241505
0.264500
0.397952
-0.286139
0.830918
-0.385628
0.029156
0.782977
-1.936169
-2.575389
-0.972518
-1.007739
-0.984345
-1.630506
-0.501298
-2.170750
-1.165454
0.220057
0.750534
0.637935
-0.050130
-0.488573
0.224685
0.676239
0.286253
1.952108
1.104272
1.283453
1.483973
-0.152317
0.686907
-0.113885
-1.132292
-2.762282
1.174710
1.105300
0.032649
1.524976
1.203117
-1.063524
-1.137949
1.326128
1.618423
-1.996197
-0.756062
1.134863
-0.407337
1.314046
1.060569
0.837811
-0.355150
-0.010025
-0.028792
-0.017224
0.599502
-0.157073
1.175352
-0.652852
0.822720
1.268146
-0.084555
0.558861
1.347418
2.873574
1.347419
2.674263
0.581510
0.334826
0.718158
0.884249
0.567920
1.712819
0.697209
-1.518794
0.258763
0.426364
-1.547483
-1.273808
0.890478
0.713061
-2.018012
1.211147
1.225681
-0.082102
-1.493126
1.038451
-0.693054
-2.780524
-1.972902
-1.913640
-0.909352
-1.695077
1.022596
0.722311
1.731316
0.850275
0.287451
1.286266
-1.098658
1.506150
0.417872
0.592079
1.574850
0.337845
-0.260085
0.313498
-2.754496
-0.901079
-0.678809
-0.470933
-0.383246
-1.572470
-2.096845
0.210492
2.783725
0.071764
1.240486
0.586107
0.008943
1.140364
0.775003
0.320210
-4.183003
-6.993775
-6.741839
-3.257929
0.211147
0.212893
0.103829
-6.608564
-7.165221
-8.412684
-2.452826
1.036318
-0.223795
-2.760821
-4.383243
-5.572903
-6.534839
-3.203616
0.345946
-1.077106
0.300579
-0.239064
-1.054420
1.743047
1.110699
0.236451
-0.208090
0.212018
-0.968043
-3.303954
0.169485
0.838912
-0.753188
-1.732212
1.232040
1.147555
1.500785
1.547952
0.554081
-0.472186
-2.740078
0.244387
2.100220
0.560041
1.015642
0.814537
1.138224
0.853409
2.612315
2.960364
-0.330944
-0.942816
4.386773
2.837005
1.680383
1.434182
-1.573610
-3.593488
1.133300
1.013569
2.776622
1.009422
0.186854
-1.522814
-2.643414
0.060384
-1.667681
3.314892
-0.405580
2.050459
0.412320
-1.444288
-1.356951
2.961399
4.887982
0.527905
2.466409
2.550376
2.728158
2.480922
2.835709
-1.977637
-7.273171
0.107548
-4.685400
-3.574722
-3.933210
-5.121295
-4.881458
2.153469
-0.124359
-1.174759
1.109410
0.988221
-2.851721
1.821308
-0.805485
3.502393
0.473966
4.080095
3.718436
1.719154
2.607442
0.765513
3.381523
0.065353
2.160126
1.283895
2.296223
6.220870
-0.669070
2.135379
-0.821665
-3.033184
-2.808257
0.512670
4.423672
-1.016455
1.865720
-0.523139
-3.396431
-1.788944
-1.161433
3.952880
-2.913269
3.196566
1.693459
1.688382
1.360667
1.790534
2.728631
-1.960329
-1.110897
-1.303358
-0.371915
-0.780650
-1.509489
-0.225088
-1.125228
-1.477302
-2.406099
-0.587747
-0.740745
-2.270958
0.194224
-0.857810
0.860675
0.881398
-0.343918
0.300266
0.242286
0.923284
-0.647271
0.311069
-2.978413
1.968928
-1.927043
0.316138
0.655647
-0.784176
1.037264
2.190709
2.432113
1.145729
1.701950
0.936073
-0.157850
-1.461429
-1.605831
0.431440
0.141976
0.577605
2.031759
-0.035273
0.090168
-0.509703
0.731926
0.347886
0.365742
0.868613
7.652964
2.406069
2.604189
1.361253
1.604180
2.021636
5.601845
1.283424
-0.112031
-1.221313
-1.109283
-2.064871
-2.142704
1.232321
1.657637
-2.219355
-3.437522
-3.125805
-2.993730
-5.472915
0.224058
2.617550
-0.360456
2.960719
2.237441
-0.244889
-0.379327
1.404100
2.470536
-2.439481
-1.937513
3.118343
0.835697
-1.434366
-1.693015
4.452469
-1.294031
0.954806
-3.795624
-2.492155
-1.438295
-0.568793
4.721735
0.949300
-0.630505
-3.924556
-3.634458
-1.949304
1.517308
1.712430
-2.829556
3.207479
-0.394281
0.309435
1.693853
0.696783
0.474412
1.686088
2.796561
1.251880
1.734889
3.127623
2.715875
0.969340
0.537630
-0.678484
-3.621447
-4.570824
-0.863979
1.475639
0.021905
-2.380376
-2.091184
-0.498534
-1.646717
-2.298582
0.091499
3.921177
-1.109918
-2.614119
-1.384418
-2.049314
-2.859226
0.765823
2.437774
-1.434881
-1.106037
-6.318745
-1.515288
-1.191160
1.159826
4.652620
1.100769
3.905371
0.670998
1.184782
0.783014
-0.389844
-0.304196
-7.091822
1.842970
-2.393893
-1.147253
-0.728422
6.787621
-7.155968
0.762084
-0.024133
0.477254
1.463199
-2.840347
2.699044
2.081440
1.300939
-3.033725
-1.481298
-1.730245
-4.249568
2.128117
0.980228
1.022144
-1.768033
4.215273
2.041115
-2.928620
1.779147
2.538691
1.020873
0.291812
4.270205
2.271008
2.434221
0.073668
-1.111371
-2.707301
-4.905910
3.756436
0.632531
-1.170433
-0.700482
3.603702
-0.328015
0.855758
2.597116
0.858932
-0.706199
2.514555
6.165325
0.537038
1.962065
-0.039903
0.116596
-0.429008
1.200403
1.150767
-0.356405
-1.263273
-0.099856
-0.971106
-2.061144
-0.347256
0.369056
-0.810132
-1.723818
2.619788
0.953395
-3.537559
-0.719230
-0.044187
-1.017432
-2.172677
6.803970
2.495795
-1.394079
-0.872028
1.010034
-1.832040
0.810909
5.704396
3.378724
-0.344724
-0.975389
-1.040401
-1.173345
1.864158
1.890824
2.235160
-0.780350
-0.977726
-0.543462
-0.744340
0.984536
-0.701322
1.221424
1.469213
-1.109504
0.716821
3.198309
-1.505595
-0.990702
-1.188191
-1.618107
0.052409
1.058503
1.184340
0.090303
0.138271
-0.092676
0.491798
0.394093
-1.696567
0.461890
0.040266
-2.742043
-2.335519
4.420845
-0.875229
-0.912832
2.474974
1.886063
-7.345874
-3.768866
2.122929
0.481434
-1.601226
1.293596
0.076387
-6.363170
-2.238996
3.127548
1.147031
-1.388048
3.370632
1.859711
1.248590
1.797825
0.874338
0.795578
-1.738611
-0.671518
1.391006
1.118607
2.594003
0.043822
-1.912117
-1.928360
-3.746359
-0.328699
-0.721974
-0.796913
-2.231574
-1.079613
-3.387424
-0.009070
0.186813
1.749541
0.691091
-1.361017
-1.298601
-2.321633
-1.059959
-1.344602
-0.879845
-2.261162
-1.283270
-0.641203
-2.552714
-2.055346
-4.635490
-4.285842
-5.349906
-1.211352
-2.106529
-1.952977
-1.494697
-3.174481
-0.950681
-3.444439
-0.845288
-0.987181
-2.121865
-2.133309
-2.496781
-0.693682
-1.496211
-2.341501
-1.477638
-1.640908
-1.268151
-2.818569
-0.782012
-1.681726
-1.811522
-1.704834
-4.192786
-1.501108
-0.817396
-0.103143
-0.223329
0.553562
0.010623
0.590748
1.265825
0.656926
-0.168438
0.056441
2.352146
1.301019
1.514387
-0.447986
-3.160027
-1.733289
-3.053342
-0.151174
0.743248
1.714917
-0.089420
-5.101593
-4.278220
-4.547366
-1.270474
2.519699
1.170208
-1.292386
-4.168879
-4.102258
-4.806775
-3.434042
1.067729
1.765163
0.775122
0.300574
-2.278443
-0.068172
-0.779769
2.333333
0.605797
0.668879
2.507524
1.204958
3.070606
1.425630
0.670428
-0.979075
0.211982
1.657183
-0.767678
-0.433482
0.957897
1.644554
-1.124802
0.617291
1.903555
2.382504
2.234643
1.501938
1.084388
0.035168
0.852393
1.844877
-0.883868
-0.612432
2.183736
2.014695
-0.136592
1.362819
0.754467
0.136593
2.140602
1.682247
1.878298
0.862497
1.790278
2.902839
3.463200
2.362687
2.494032
3.061388
0.301555
0.640219
0.990153
1.781730
0.737369
1.862558
1.609581
3.230817
1.487172
3.633213
3.646426
3.045649
1.545266
2.249409
-1.128562
-0.823222
-0.544796
-2.137801
-2.565280
0.993970
0.452790
1.439528
3.386492
-0.093612
0.437124
-0.228203
1.046201
0.567295
0.748893
-0.204499
2.303329
3.154271
0.413819
2.406580
-3.742054
-0.807552
-0.811167
-1.384084
-4.921241
-5.186004
1.379666
-1.748087
-0.486941
-0.854156
-0.950178
-4.233015
-5.910790
1.644428
-1.873035
1.133785
1.139010
2.533138
0.856567
0.560463
0.923259
0.151063
2.787861
0.954999
-0.445156
0.191239
-0.241060
0.045400
-0.366409
-1.879901
-2.128991
7.621633
1.765177
2.962492
2.378463
10.020500
-3.378666
2.878950
-3.489156
1.211947
1.328598
-4.447010
3.941905
1.484134
-2.036209
-3.622749
-0.297212
-1.641593
-8.443583
-1.884907
4.864725
1.263150
4.075496
0.299136
5.639320
-2.257576
3.508791
6.582930
-5.243169
-0.825417
-1.464497
1.376338
-5.968872
0.383835
2.640255
-2.116284
0.103947
-1.522631
-1.221956
-3.457974
0.743799
10.371611
1.013294
0.262947
-3.073752
-0.464298
1.031387
2.970191
-7.059425
-0.321581
-1.021032
1.648439
0.377871
0.617273
-3.004184
-3.972686
-2.573407
-1.589523
-0.578997
-1.328732
-1.079195
-0.726091
-3.028576
-3.489747
2.728762
2.561775
3.128016
1.064186
-2.508492
-2.424438
-2.565155
3.355415
-4.401964
-0.335089
0.665680
-5.405359
-1.972271
-1.864575
1.116718
-0.057785
0.727221
0.724218
-3.228580
1.325731
0.488190
5.246634
1.266815
1.803789
2.231939
-0.493067
-5.171208
-3.398940
1.118219
2.121992
2.928389
-0.943357
-4.239105
-0.669176
-0.092913
0.258130
-0.295195
-0.193306
0.381460
0.536537
1.729948
0.494984
0.108205
-0.963705
-1.093185
0.255636
1.803249
1.325386
0.409549
0.170202
-0.965866
-0.738320
-1.755213
-0.322620
0.413373
0.778876
1.144046
-0.462239
0.460744
0.482185
0.713886
-0.020112
-0.249155
0.147100
0.543019
2.273134
-0.744968
0.585902
0.550166
-0.536205
-0.035404
-0.150755
0.859822
-1.991236
0.801813
2.071020
0.379132
1.454866
0.767573
1.125762
0.431323
1.365610
1.559628
1.306175
0.790544
-0.590951
-0.533063
-0.006927
-1.564547
-1.496825
-0.130303
1.401612
-0.052078
0.072193
0.660465
-2.547307
-0.259939
-0.418403
0.217026
-5.335776
-0.404544
-0.422204
-2.751368
-0.552061
-0.510489
-2.738181
-1.946074
0.231328
-0.602574
-2.885919
-0.573071
2.747793
-0.395832
-2.960347
-3.179383
2.070120
-0.724385
0.271786
0.363199
-0.919954
-1.493920
-1.531912
-0.019223
-0.802837
-0.606596
-1.140778
0.365211
1.679653
-1.369648
-1.278010
-2.224786
-1.969020
0.175539
-0.475733
-1.021319
-1.224860
-1.770447
-1.630287
0.273246
-0.512015
-0.927377
-1.119928
-0.833886
-2.209596
0.575847
-0.046972
-0.293116
-2.872910
1.995667
2.287279
-2.204777
1.422530
-1.004758
-2.448364
-2.660487
0.599333
-0.544080
-1.070398
1.154556
-0.225370
0.045918
1.886220
1.825700
-0.537154
-0.010838
1.818923
-0.194659
-2.242265
-0.401360
-0.330602
-1.530171
-1.805222
1.023427
-1.683128
-0.847586
0.785412
-0.086865
0.367489
-0.135493
-0.992112
0.973580
-3.017159
-2.022010
-1.538901
-1.193822
-1.803798
-0.663767
1.949699
3.872499
1.813697
1.476989
0.802815
1.538392
-0.527514
0.840371
-0.099972
2.221702
-1.875607
-0.978909
0.132449
-3.515239
2.133148
0.091345
-1.651560
-4.538044
-0.251197
-1.988520
-1.877130
1.561993
0.436170
-1.025595
1.609185
4.446194
0.502396
-2.072760
-0.365125
1.432335
-2.374704
0.289004
-0.453170
-0.881981
-3.301847
0.949981
-0.322244
-3.292206
-0.421706
-2.421136
-0.363854
1.584066
0.403207
-3.293097
0.803416
0.400508
0.458967
-0.606007
0.631040
-3.093893
0.027880
0.211496
0.751851
0.445475
0.529715
-0.729517
0.238477
0.779882
-0.275949
-0.732067
-1.087157
1.005617
-0.881208
-0.325711
0.105224
-1.941385
-1.670531
-1.920998
0.279697
-1.136771
-0.920478
-0.408152
-1.356061
-0.705236
-0.767291
0.546501
-0.924525
-1.515845
-0.504532
-0.129805
-1.384840
-2.454011
-0.662667
-1.055979
-0.517573
-1.154307
0.954205
0.677657
-0.056358
-0.043170
-1.427858
-0.606918
0.311150
-1.314701
-0.126382
-0.142814
-0.859160
-2.202703
-0.227245
-0.151731
0.095266
0.638208
0.416556
-0.074817
-0.553605
-0.878390
1.540195
-0.081110
-1.390738
-0.822975
0.662155
0.741343
-1.135877
-0.714073
-4.370268
-4.646108
-5.767298
-2.114077
0.296291
-1.276242
-0.205220
-1.178878
-2.855072
-2.401453
-0.663029
0.259408
-1.050920
-0.013810
-0.316045
-0.168511
-2.113028
-0.994458
-1.243727
-2.647406
-1.060709
-0.986940
-1.121017
-0.018179
0.108028
-2.391665
-5.970578
0.073850
-0.755572
-0.801618
-0.993306
-0.987570
-2.149467
-0.705554
-1.524531
0.852225
-0.266128
0.616109
-0.466790
-0.439279
0.385730
0.491651
0.209047
0.486207
1.310483
0.850460
0.653475
1.061713
0.661714
0.954763
0.015447
2.245973
0.543435
1.179551
0.431188
0.203898
2.153438
-1.364768
-0.350718
0.061788
0.861935
0.323648
0.736300
1.736521
-0.094594
0.300553
1.528062
0.756602
-1.612947
-0.380728
-0.495035
-0.116955
-0.830894
-0.375873
-2.362192
-7.638465
-3.934356
1.853109
1.806159
1.668483
1.153644
2.969565
-5.447230
-0.483984
-1.764754
0.842419
0.802330
-2.266407
0.145327
-0.997236
-3.654522
-1.508652
-5.143920
-1.968367
-1.900580
-2.161958
0.017935
-1.153643
-2.982223
-3.575396
-0.202296
0.783074
1.899266
-0.746940
-2.705021
-2.173827
-3.103549
-1.124104
-2.894130
-0.863518
0.548602
-1.357521
-4.609296
-3.830440
-1.954123
-0.798636
-0.422266
2.419906
-0.644075
0.913365
-1.186082
-0.087829
-0.593701
0.776481
6.029389
-0.062462
1.769257
-0.993300
-0.911036
-0.176210
5.437255
-0.199066
-0.274223
2.696545
-1.637728
-0.583994
2.139460
4.304315
5.170657
2.815881
5.521061
-4.691270
0.163522
5.655632
3.055064
5.937981
5.041678
10.608944
-4.629316
7.878371
4.088990
4.184977
1.749450
7.107495
5.840979
-4.902527
5.693205
6.825653
5.265112
1.440187
4.234232
1.036473
-0.717556
1.393467
5.109213
6.246234
3.196245
3.355185
-2.785919
-2.098836
-1.902811
3.121597
0.784073
6.401005
3.335331
0.829414
0.439293
0.659322
0.501369
3.239453
1.210320
1.914508
-0.920532
-1.786517
-2.280509
-0.838789
-0.620909
-0.106481
-1.216313
0.304540
1.980118
1.537292
-2.691222
-2.937066
-0.115086
-1.720906
0.413632
4.578074
4.011403
-0.834947
-1.447252
0.526106
-0.804064
0.663010
3.475003
4.104209
-1.741650
-2.578441
0.440675
-1.102149
-0.236471
-1.013798
-0.000001
-1.894687
-2.945210
1.792202
-0.747365
-0.765190
-0.359700
0.837252
-1.001046
1.689409
4.432896
-0.714544
1.634925
0.201495
0.396371
1.401158
1.468601
-0.446021
-0.528563
-1.802492
-0.802257
-0.671099
-0.445607
-1.126016
0.951826
0.314656
0.983479
3.924192
3.107247
-0.129710
0.278039
-0.166533
0.165089
0.992787
2.981054
4.114930
-0.188048
-0.804742
0.600348
1.095191
1.840143
4.005494
5.722548
0.295210
-0.301623
0.673791
-0.468983
-0.020480
-1.543488
-0.260247
-0.125986
-1.075745
1.600585
0.643169
2.121286
3.511478
2.063982
0.483672
0.213909
-7.062726
1.710967
0.466764
2.840389
2.668988
2.701127
-5.736388
0.460137
0.775394
4.750823
1.940014
2.217524
5.072709
1.482942
0.876401
1.071266
1.411521
2.004293
3.441832
4.762554
1.647202
1.810954
1.516099
6.049606
6.130719
3.233192
3.544878
-2.060406
1.228897
7.148423
7.241778
13.590830
11.443699
5.174740
2.092546
1.672709
1.763511
-0.515740
7.856481
3.605584
4.110099
1.963994
-4.211107
0.409632
-1.074330
5.949625
1.850235
-2.548603
-5.230343
2.610509
1.005808
3.792441
1.660710
1.899932
3.653431
4.227694
3.664227
-0.293206
-1.167086
-0.502397
-1.214997
-2.755251
2.827801
1.265944
-3.958779
-0.000673
-0.871181
-0.213576
-2.343282
-3.253602
0.676499
-2.958373
3.487761
-1.794998
0.263849
0.487217
-0.998721
1.742700
-0.719009
-0.684258
0.190971
5.240924
1.854385
-1.206225
1.580746
-0.259127
-0.587085
-1.202172
1.525072
-2.270741
1.267634
2.830831
0.832043
-1.498420
-2.940152
-2.348679
-1.217022
3.729681
2.417397
-0.154620
0.204394
-1.099365
-0.888934
-0.132662
2.027277
-0.227998
1.326996
0.113633
0.784451
-0.284722
-0.404211
1.150236
-0.563771
1.327913
0.106315
-2.098822
-3.569645
-1.005127
0.181886
-0.980426
1.056728
-2.382631
-3.485108
-4.198195
0.127357
-0.584267
-0.022505
0.184264
-2.117670
-6.804249
-6.663899
0.728639
-0.954992
-1.090215
0.053796
0.264229
-1.605131
-2.343837
1.855821
0.490397
0.805862
0.430379
0.498814
-0.090027
0.051602
0.975852
0.983905
-4.687267
2.608459
-2.148623
-0.445053
-1.059757
-2.151808
-4.671575
-2.148851
-2.238910
-0.353177
1.628750
1.739048
-2.645754
-1.729724
-3.955215
0.218546
-2.114512
1.722219
1.211670
-2.563433
-3.552007
-1.342890
0.581956
-1.007452
-1.868447
0.416851
-0.377964
0.600833
-1.306732
-1.855487
-3.308898
-0.921717
-1.533464
-3.862658
0.388653
-0.745241
1.336522
-0.394339
0.250159
5.773859
0.925810
2.587991
-4.045499
-0.382057
0.720680
-1.206666
3.098995
2.256190
-3.289341
-2.118616
-0.273503
3.703292
3.453671
3.323822
2.273467
1.517510
1.371617
1.084683
2.513017
0.731704
-1.114904
3.778664
0.593647
3.361881
-1.380200
-0.966401
-1.764148
-4.640588
2.590627
-1.902578
2.951065
-0.934684
-4.084255
-1.430943
-5.080880
1.601465
0.266413
2.701444
1.204084
-2.053694
2.056681
-2.066381
1.695867
0.457827
2.706668
-0.363052
-2.352942
1.108562
-2.439508
-2.006680
0.424993
4.477160
-0.570138
-0.821252
0.330592
0.057090
-1.186172
1.817506
-2.352198
0.914681
-1.329939
0.497564
0.426590
0.141392
-1.988963
0.301550
0.387945
-0.107576
-0.333879
0.053138
1.012040
-0.597524
-1.126862
0.743748
-2.598935
-1.971313
-1.541189
-0.680576
-0.317714
-0.392405
0.176694
-3.055254
-2.600794
-1.510534
-0.785368
2.147078
-0.272007
-0.558136
-0.596783
-0.723866
0.001673
-2.011444
1.239643
0.829029
-0.265690
1.748913
-0.964848
1.253388
-1.166065
-0.046078
-1.917058
-0.963919
-0.622236
-2.190740
-0.096428
-0.395750
0.782207
1.579605
2.651324
1.674695
1.700203
1.454085
1.885683
-0.059293
1.705797
-0.895858
0.147444
0.742594
1.772246
1.569535
0.379683
0.435398
-0.423990
1.422315
-1.946095
-0.033114
1.661047
-0.189286
-0.797410
0.153708
0.169147
-4.960994
-3.134156
1.799543
-1.539338
-1.706470
1.209987
1.575579
-4.326695
-2.379256
1.305748
0.109856
0.424211
1.346467
0.562929
-0.089724
1.444019
3.929998
1.282925
-0.260211
-2.029101
0.206288
1.390099
0.630720
0.399153
-0.977076
-0.007911
-0.030204
-0.293642
-1.195174
-1.442791
-0.947557
1.350264
0.794624
-2.653545
-1.291776
2.756379
2.578995
-2.391067
-0.074309
-0.760109
-0.199915
1.132849
0.943482
2.206494
0.253129
-0.183136
-1.365847
0.168035
-2.718985
-2.231424
0.597346
1.391492
0.098517
-1.027382
1.230411
1.572950
-5.119403
-4.746898
1.620412
0.118176
-0.532387
1.648217
2.412401
2.858493
2.159750
3.340782
1.255339
0.177142
1.208598
2.236697
1.316706
0.236348
1.348346
-2.304775
-1.929405
0.909920
0.208317
-0.159318
-0.041783
0.504859
0.101153
1.349848
1.670137
-0.610820
-0.792984
-1.041131
-0.277755
0.342986
-0.098297
0.167284
0.789829
-1.403654
0.038477
-0.566933
0.092886
-0.084170
0.663126
2.460417
4.112519
3.808611
1.127554
-0.831462
-0.401452
0.389127
0.751050
1.118235
2.721640
0.005862
-0.058167
-0.291132
0.248897
-0.235370
-0.163227
-0.267534
-0.864379
-0.725350
-0.154358
0.099949
-1.672843
-1.717783
-1.704256
-0.563176
0.912474
2.965037
0.352533
0.241523
0.458894
0.223821
-0.085508
0.524002
2.313075
-0.672216
-0.366486
0.365135
0.100810
0.010500
0.722020
-0.605160
0.213620
-2.022346
-1.789823
-0.857634
-0.802428
0.122862
-0.624511
0.268226
-1.220669
-1.694714
-1.900084
-1.521448
-0.031653
-0.452293
-0.384338
0.097359
-1.473594
-1.999394
0.198919
0.236873
-0.492648
-0.866634
-1.042902
-0.509899
-2.879080
-0.294479
-0.133963
-0.721720
-0.303481
0.985296
0.677316
0.520101
0.036902
-0.375787
3.660258
0.180052
1.648610
1.060289
1.000904
0.825686
1.174742
-1.168184
-0.246169
-0.191273
-1.260884
-2.240901
0.886624
-0.297094
0.778559
-0.872296
0.064908
1.104310
-2.330841
-0.132579
-0.351128
1.108108
0.565533
-0.737818
-1.073581
-3.561171
1.041300
0.156402
0.860384
0.293123
-0.214060
-2.792279
-2.979582
0.764748
0.703638
-0.390488
-0.569504
-0.051099
-1.826073
-1.606488
-0.589355
0.665313
2.062402
0.014327
0.551723
0.567951
0.190065
-1.003322
1.536746
0.137165
-3.384188
1.272576
1.074724
0.696163
-0.733988
0.299639
-1.073092
2.334503
1.676715
5.303121
4.985521
0.285213
1.053495
0.482523
4.369916
2.007380
4.931362
5.779928
1.141945
2.401455
-0.637648
3.506113
2.033507
-1.648960
2.064803
0.850199
1.743668
-1.562414
1.819052
3.909984
-5.310740
-4.626825
0.858637
0.547836
-0.978651
2.040039
1.729244
0.368221
1.063293
1.719991
1.377081
0.077019
2.323619
-0.818083
0.315149
0.408503
2.728850
0.242487
4.102232
0.339797
0.979897
0.518887
0.419142
0.976814
1.437941
0.299354
-0.210164
-0.014231
-0.765461
-0.937791
0.187036
0.231631
0.667734
-0.566803
-0.970881
-2.605109
-2.173395
-0.317855
0.142086
0.717190
0.164621
0.487933
-2.447012
-0.011861
0.862953
0.712445
0.603214
-0.018502
-0.087056
-0.214552
0.494100
0.530510
0.810533
0.326277
-0.690505
1.009192
-0.587557
1.002550
-1.162663
0.260335
2.301487
0.531698
0.352607
0.089546
-0.383324
-0.350827
1.805370
-3.422793
-1.692797
-1.092116
-0.342957
-0.354795
-0.764719
-1.068611
-1.047301
0.336192
1.427124
0.115502
0.239291
1.753505
0.628582
0.320801
-0.039742
0.629428
-1.402263
0.909307
1.450289
0.833036
0.477397
-0.046505
0.059020
0.824751
1.278475
-0.237432
0.834897
0.395718
0.534726
-0.508177
0.866520
0.715675
-0.240644
1.474473
0.575313
1.532309
-1.307902
1.010603
-0.971540
0.720071
1.459254
-1.032589
1.791218
0.123280
2.622564
-0.146789
1.432364
0.011500
-6.144964
-1.429680
-1.539966
-0.701108
-0.850142
-2.135897
-0.696210
-1.395615
0.700469
-0.363435
0.177778
-0.420282
-0.384937
0.302329
0.563570
-0.004683
-1.907020
0.569955
-2.564909
-0.765406
1.303425
0.549729
-0.655332
-5.361247
-0.937435
-2.562352
-1.239552
0.575919
-0.108370
1.556787
-0.985552
-0.875906
-1.250837
-0.095383
1.622575
-0.914866
0.070261
1.504412
0.860149
-1.944067
-1.488017
0.675133
-0.811821
0.522263
1.762030
2.491241
0.609983
-0.256979
0.495012
0.625260
0.622483
0.185550
0.741505
0.704978
0.073052
0.134302
-1.957584
1.331073
-0.042222
0.631232
0.861503
-0.205689
0.123052
0.253881
1.566205
-1.938279
1.599120
2.112857
-1.019555
-0.136247
0.122357
1.127469
-0.730954
1.633705
1.385657
0.306935
0.449152
-0.079444
0.118607
-0.895393
1.563847
0.674287
0.056111
-0.333881
0.185688
0.746228
1.288297
0.441377
1.358017
0.822476
-0.730396
0.542761
-0.759285
0.042639
-0.165411
1.029833
0.657064
-0.633734
-0.889844
-2.091789
2.804096
1.378681
1.491759
1.276616
3.297766
-0.747761
-1.057179
0.000001
-2.296724
-3.261505
-0.045929
0.135906
-0.764680
-2.658787
-3.055227
1.638949
-1.313414
-0.362330
-1.593553
-0.564848
-3.075105
-1.107942
4.179015
0.192580
-2.740169
-0.486149
0.007789
-1.930369
-2.795501
-0.277723
-2.382678
0.099109
-0.126775
-1.778882
-0.050496
0.464661
-2.759776
0.371999
-0.975523
-0.148799
-0.385966
1.964747
0.630654
-0.208157
-0.761995
0.969078
1.354778
1.536845
3.762059
0.462030
0.003389
-0.711297
1.275624
0.199009
2.119523
-1.894391
-0.064809
-0.420555
-0.221745
0.730637
-0.483370
-0.178473
-0.586865
2.394511
4.882545
5.373691
3.075494
-0.953180
1.943046
2.682656
5.356738
5.295920
6.982726
0.745193
2.203677
1.013200
0.880193
0.653464
2.878676
4.382623
-0.024925
2.437982
1.565166
3.333928
3.717393
0.135998
2.254125
2.760228
3.044385
-1.459880
0.642696
3.068513
2.958442
3.110192
2.040757
-2.809283
-2.374035
1.227005
1.465579
2.227272
2.036441
1.300455
-0.928313
2.493457
1.324802
1.314056
2.203197
1.675181
1.775697
0.896486
0.582967
1.331603
1.596564
6.308044
3.823564
1.613974
2.011686
1.142812
0.864386
1.780458
8.551773
4.981609
-0.023394
2.028689
0.985849
2.598462
2.665246
4.619669
3.853079
1.107311
2.767123
0.693549
0.074401
1.583369
-0.009248
1.022302
-0.627036
1.279372
-0.454023
1.650018
1.935516
2.731759
2.219792
0.499045
1.255977
-6.617558
-0.060379
-0.077324
-0.896143
-0.617816
0.097776
-1.132011
-0.423238
0.639825
-0.202951
0.046744
0.671183
0.071676
1.361258
-0.588989
0.029019
-2.653374
-2.044713
-2.617729
-2.579944
-0.604180
-1.575704
-0.185617
-4.260628
-1.894737
-2.225459
-1.049818
-0.264111
-0.953406
-1.791899
-0.477190
0.506991
0.242102
0.130691
-0.778502
0.017335
-1.268545
-1.958817
-2.357320
-1.369439
-1.456114
0.071870
0.340461
-0.834986
-2.180079
-1.930185
-2.500672
-2.446526
0.021814
-17.509104
-9.582401
-6.545800
-5.142778
-5.732895
-7.175233
-3.904378
-12.626380
-9.305567
-5.124346
-4.248788
-3.657031
-9.267069
-2.984186
-5.747638
-4.962994
-5.175944
-0.502482
-0.086817
-4.080066
-2.323627
-5.036300
-4.715644
3.645972
10.218796
5.805792
-0.540569
-1.378041
-5.576457
-3.528030
-1.133967
1.991507
2.176608
-0.565549
-0.031534
-6.441367
-2.984597
-1.661429
1.649554
-0.543024
-1.495574
-0.681444
-4.453961
1.422678
2.292912
1.877659
2.209371
0.280929
-2.310932
-2.623423
-1.182152
-1.115149
-0.330564
-0.508434
-0.954494
-1.263402
-3.179795
-2.055021
-0.473268
-0.610418
-0.908593
-1.159570
-2.265094
1.358907
0.945609
-0.423294
0.979850
-0.431438
0.210073
1.336141
1.192885
0.232284
-0.198599
0.341855
-1.243413
0.212109
0.266155
0.477338
0.128265
0.544341
-0.706106
-0.892860
1.342992
-0.019064
-0.351296
-0.731278
0.380909
0.369804
-2.616019
-2.179769
-1.364460
0.608934
-0.336673
-0.206002
0.983368
0.031835
-0.507878
-0.256161
-4.604703
-3.217761
0.453552
1.310492
1.118316
1.142787
0.276180
0.034145
-1.157297
0.729428
-0.374383
-0.480142
1.059694
1.703611
-0.746650
-0.665668
4.587174
-0.542387
5.272183
1.256102
-0.304883
-0.384961
-0.352626
3.732348
-7.831525
0.002418
1.557965
-0.704046
-0.869936
1.192344
2.672657
-5.749603
0.471680
1.085680
0.354741
1.080544
-0.779285
0.476512
-2.543629
2.528217
1.184189
0.421519
1.350679
0.613696
-1.266071
-1.043983
-0.481351
-0.279805
0.532414
-4.390773
-2.060032
-1.109877
-0.499217
-0.734401
-1.025914
-2.673271
-4.195065
-0.794070
0.272536
1.780057
1.453926
0.413889
-1.138119
-1.471385
-0.066957
-1.134323
1.422343
0.313377
0.335240
0.334784
-1.539860
-0.202541
-3.371993
0.183864
-1.662692
-1.364498
0.240194
-1.516328
0.331900
-1.757282
-0.569212
-2.972225
0.540365
0.692041
-1.974853
1.318642
-0.978697
0.410547
-2.454790
0.359381
-0.004252
-1.808448
0.322486
0.589251
2.345319
0.398703
0.735919
-0.362571
1.744362
-5.388223
1.583777
-3.917779
-3.479774
-2.877357
3.972052
-3.964070
-2.829472
-3.545537
-2.822126
-2.650692
-6.278595
-0.256032
-0.829076
-2.842238
-0.797794
-6.728095
-3.557348
-5.514963
-2.651653
-0.881115
-1.031798
-0.207189
-4.695776
-0.792364
-2.143732
-0.022026
0.771936
-1.677953
-1.097566
-6.202297
-1.913875
-2.932909
-2.343900
-2.778389
-2.705285
-2.309735
-0.453330
-1.081282
-1.635813
-1.953144
5.372902
0.281897
1.012012
-0.248692
-1.686572
0.489726
2.811596
0.716392
4.547642
-0.628757
1.045035
0.578324
0.258779
-1.780446
10.062188
0.858186
-1.141768
-0.610156
-0.729209
0.635371
-1.474127
-1.125646
-0.220748
-5.413267
-1.256275
-1.070665
-4.462070
-2.274027
-1.249247
0.240593
-0.594860
-2.628299
2.022276
-4.906873
0.970628
-1.319521
-4.231401
-3.863490
-1.198402
1.442298
-4.329788
-2.582824
2.360424
-0.982613
-0.035551
-1.647749
-3.159085
-4.355002
-3.559652
-0.406771
0.092185
-4.928367
-1.639071
-3.233905
-1.295547
-1.992513
-11.191387
-1.724865
-2.751606
-1.266472
-0.425953
-1.106796
-0.210659
2.238026
2.168087
0.302505
1.913610
2.335348
0.198017
8.120424
-1.198643
1.804493
3.004395
0.723396
-0.483671
3.008610
4.286037
-2.168930
0.666517
2.839661
-10.914581
-0.383396
3.967945
2.197998
-1.827667
-1.546650
0.323570
-5.629183
-0.692219
1.388233
1.910242
-1.467018
-2.029472
2.878422
-1.124489
2.564123
2.051384
2.728855
1.504936
3.331335
0.591524
-1.142187
2.028629
1.229818
1.058764
1.230556
-3.262896
2.757550
-1.131392
-0.418536
0.024704
3.941525
-4.994920
2.135738
-2.158675
-0.123160
0.467946
-1.361833
1.512167
-0.569580
3.126678
0.028231
-3.877996
-1.489936
-0.674392
0.581225
-0.944004
2.918821
-0.908712
-6.254764
-5.078205
0.737557
0.995879
0.034585
2.195733
2.954465
-2.924467
-1.311369
2.319247
-0.231504
-2.577216
1.003288
2.040813
0.346900
-0.652863
0.107637
-1.311017
2.769547
1.290550
0.605577
1.051288
0.303494
2.619215
2.720142
-2.166591
5.559234
-2.254972
-0.065467
-0.715775
-2.955106
-6.105522
4.896929
-0.501187
1.760700
1.650131
1.061655
-0.077468
-2.536843
-1.102391
-1.179132
2.453193
0.069832
2.255702
2.764526
2.712151
1.495197
-0.292419
-2.464831
-3.782534
-7.112988
-2.635773
0.216772
-1.329708
1.871264
-3.807994
-4.791817
-5.459218
0.389530
4.452116
-1.471549
1.760332
2.188051
1.528288
0.223680
4.457209
3.563949
-7.571980
-0.851434
5.486858
5.613063
4.309546
1.766880
-7.581436
-0.548484
0.764647
1.770785
1.826246
1.712051
2.407264
-0.320750
-0.290182
1.223394
0.734953
-0.591061
-0.753292
2.463163
-0.851113
0.190180
-0.695215
1.747424
2.705743
0.403941
0.314637
-1.739345
-0.552197
-1.422960
0.239308
3.621484
1.118366
-0.259177
-1.426019
0.563115
-0.735826
-1.243699
2.676923
0.854607
-0.408961
-0.711808
1.036489
0.445863
-0.340837
-2.128218
-1.581260
-0.535384
-0.599360
0.898274
0.530582
0.890852
0.219438
0.759626
0.572941
-0.104150
0.227420
-1.628439
-3.639270
-0.358971
-0.546900
-4.042365
-5.242380
-3.456519
-0.884898
1.348182
-0.656931
-0.284615
-1.424988
-3.631374
-0.991391
0.438771
0.417524
3.679581
3.760468
2.019274
-1.384677
-0.523749
-0.952172
-0.470910
3.759654
5.388909
-2.117869
-0.220068
-3.374268
-1.304876
-0.757978
6.138989
8.685005
-1.090801
0.559970
-3.458423
-1.809558
-0.977498
-1.139554
-1.944919
-2.262765
-1.293165
-5.694769
-3.802414
-2.859776
-1.048586
-1.800297
-2.081646
-4.303011
-1.840196
2.586088
-2.168375
-1.936356
-2.457623
-0.382679
-3.691299
3.491202
0.196984
-0.886038
3.102294
3.356113
0.532555
-1.418982
-2.019275
2.813827
0.795331
4.469499
4.054901
-0.257714
-0.725258
-1.586769
2.336159
0.823360
-9.921584
-4.802735
3.898794
1.206814
-3.227259
-1.453631
-0.017128
-5.795830
-2.999911
-0.392799
-1.963996
1.376547
0.948323
3.393877
2.211197
2.437378
2.473972
1.718739
-0.928081
0.608080
-0.036984
1.474651
-0.263553
3.139668
-4.564488
10.718614
2.548356
0.311162
-2.497510
-2.331576
0.567825
4.418670
4.894242
0.647896
-0.717618
-0.872895
-0.531289
0.369617
2.676534
-1.402965
0.596746
-1.145085
1.143867
-1.456854
-3.441345
-1.973528
-1.969874
0.558689
-0.290154
1.833778
3.761943
4.495091
-1.708951
1.132297
-1.571028
-1.861487
-3.458395
-4.088935
0.305984
-1.043697
2.328533
1.722040
0.460042
2.316356
2.979474
2.615946
1.604215
3.826184
3.382887
2.705153
0.296854
2.430225
1.219375
4.175708
-2.958052
-0.974136
-2.315104
-0.771953
-0.903410
-1.031281
-1.342854
-0.875497
0.802320
0.904541
0.706696
1.049010
-0.580899
-1.144066
-0.678029
0.218214
-1.203477
-1.629344
-1.841146
-0.298371
-1.472614
-0.304972
-0.371172
-3.714164
-0.369663
-0.007544
-0.368719
-1.825303
-1.850197
1.621987
-2.276631
-0.655774
-0.436240
0.208030
-1.720249
-0.037721
0.447179
-1.620478
0.689909
-2.805285
0.283470
-0.859087
-0.536765
-1.237237
0.251221
2.074070
-0.939999
-1.609352
0.633708
0.532457
-1.356833
2.078476
1.245083
1.809866
2.146631
1.952941
-0.528200
4.105833
-0.458290
0.979977
1.502914
-0.616148
-0.087195
0.654488
1.309727
2.673828
3.692142
3.472143
-0.540479
0.881254
-0.012278
0.291164
0.470570
3.048429
1.025833
-0.329750
0.752462
0.147335
-0.467812
1.827907
-0.255830
1.216266
-0.412188
0.587335
0.761230
2.312258
2.504443
1.809113
0.757722
0.211231
0.194443
2.743484
0.819365
1.979248
0.999021
2.152895
1.751733
3.714445
5.770910
2.983286
3.610752
1.655737
2.289445
1.979993
2.836194
3.560102
2.292222
2.166636
0.567562
1.085169
0.191501
1.865508
2.586409
0.302283
0.582134
-2.411098
-1.676552
-0.206765
0.558774
2.410638
0.096907
4.632780
7.206701
3.345704
-0.943162
0.346690
3.759464
0.242613
0.813415
7.375766
6.256369
-0.665856
0.673720
2.804506
1.671232
-2.634978
-0.103844
-0.060826
-0.744029
0.895517
1.219543
-1.209135
-1.179993
-3.737723
-1.754029
-0.627926
-1.889561
