0.103013
0.082411
0.020603
0.020603
0.020603
0.000000
0.020603
0.041205
0.000000
0.000000
0.020603
0.000000
0.000000
0.288438
0.000000
0.000000
0.082411
0.000000
0.041205
0.000000
0.185424
0.000000
0.000000
0.000000
0.000000
0.020603
0.000000
0.000000
0.206027
0.000000
0.020603
0.000000
0.000000
0.000000
0.000000
0.000000
0.000000
0.082411
0.453259
0.000000
0.000000
0.123616
0.000000
0.000000
0.000000
0.020603
0.000000
0.000000
0.144219
0.000000
0.000000
0.494465
0.000000
0.123616
0.020603
0.844710
0.000000
0.535670
0.000000
0.000000
0.061808
0.000000
0.000000
0.000000
0.000000
0.000000
0.000000
0.103013
0.803505
0.000000
0.061808
0.000000
0.082411
0.103013
0.000000
0.597478
0.082411
0.061808
0.000000
0.000000
0.000000
0.000000
0.020603
0.000000
0.000000
0.123616
0.000000
0.103013
0.000000
0.000000
0.000000
0.000000
0.000000
0.000000
0.432657
0.000000
0.061808
0.000000
0.000000
0.494465
0.000000
0.000000
0.000000
0.453259
0.267835
0.000000
0.000000
0.185424
0.000000
0.000000
0.020603
2.698953
0.000000
0.000000
0.000000
0.000000
0.000000
0.000000
0.000000
0.000000
0.164822
0.288438
0.000000
0.000000
0.020603
0.000000
1.277367
0.000000
0.020603
0.000000
1.133148
0.329643
0.061808
0.061808
0.000000
0.164822
0.144219
0.000000
0.391451
0.000000
0.020603
0.020603
1.030135
0.020603
0.000000
0.020603
0.041205
0.000000
0.164822
0.659286
0.000000
0.000000
0.020603
0.000000
0.000000
0.206027
0.000000
0.020603
0.000000
0.020603
0.082411
0.000000
0.000000
1.318572
0.000000
0.041205
0.370848
0.123616
0.061808
0.824108
0.020603
0.103013
0.000000
0.267835
0.515067
0.082411
0.226630
0.000000
0.000000
0.762300
0.226630
0.061808
0.000000
0.556273
0.000000
0.020603
0.103013
0.000000
0.000000
0.000000
0.020603
0.020603
0.000000
0.020603
0.103013
0.144219
0.000000
0.000000
0.000000
0.556273
1.916050
0.000000
0.020603
0.000000
0.000000
0.000000
0.000000
0.061808
0.000000
0.041205
0.041205
0.185424
0.000000
0.597478
0.000000
0.020603
0.968327
0.000000
0.000000
0.370848
0.082411
0.000000
0.061808
0.000000
0.041205
0.164822
0.041205
0.000000
0.597478
0.000000
0.494465
0.000000
0.000000
0.000000
0.000000
0.638683
0.041205
0.000000
0.020603
0.000000
0.000000
0.000000
0.000000
0.000000
0.350246
0.020603
0.061808
0.247232
0.000000
0.000000
0.000000
0.206027
0.041205
0.000000
0.000000
0.020603
0.020603
0.061808
0.000000
0.947724
0.700492
0.000000
0.000000
0.556273
0.000000
0.000000
0.000000
0.000000
0.000000
0.000000
0.000000
0.679889
0.000000
0.000000
0.020603
0.412054
0.000000
0.041205
1.565805
0.000000
0.061808
0.000000
0.000000
0.000000
0.700492
0.000000
0.000000
0.041205
0.391451
0.020603
0.000000
0.000000
0.000000
0.000000
0.061808
0.000000
0.206027
0.000000
0.000000
0.164822
0.185424
0.000000
0.618081
0.000000
0.000000
0.000000
1.957256
0.000000
0.000000
0.000000
0.000000
0.000000
0.000000
0.041205
0.041205
1.009532
0.103013
1.297970
0.020603
0.123616
0.000000
0.000000
0.000000
0.000000
0.164822
0.020603
0.329643
0.164822
0.000000
0.226630
0.000000
0.061808
0.000000
0.000000
0.061808
0.000000
0.000000
0.329643
0.020603
0.020603
0.000000
0.000000
0.412054
0.020603
0.453259
1.153751
0.041205
0.000000
0.123616
1.153751
0.000000
0.226630
0.473862
0.000000
0.000000
0.000000
0.000000
0.041205
0.000000
0.000000
1.936653
0.000000
0.000000
0.000000
0.000000
0.309040
0.927121
1.359778
0.020603
0.000000
0.000000
0.432657
0.473862
0.000000
0.000000
0.247232
0.041205
0.041205
0.144219
0.000000
0.206027
0.164822
0.000000
0.000000
0.020603
0.000000
0.082411
0.041205
0.000000
0.041205
0.000000
0.000000
0.020603
0.000000
0.000000
0.000000
0.000000
0.000000
0.082411
0.000000
0.391451
0.226630
0.020603
1.400983
0.000000
0.000000
0.700492
0.000000
0.000000
0.020603
0.000000
0.020603
0.000000
0.597478
0.082411
0.000000
0.185424
0.041205
0.041205
0.000000
0.144219
1.112545
0.144219
0.000000
0.000000
0.000000
0.000000
0.247232
0.412054
0.000000
0.000000
0.679889
0.000000
0.000000
0.000000
0.000000
0.041205
0.000000
0.041205
0.000000
0.000000
0.000000
0.000000
0.000000
0.000000
0.000000
0.350246
0.721094
1.586407
0.000000
0.700492
0.000000
0.144219
0.000000
0.020603
0.000000
0.020603
0.082411
0.000000
0.309040
0.020603
0.041205
0.000000
0.000000
0.000000
0.020603
0.041205
0.000000
0.000000
0.000000
0.000000
0.700492
0.041205
0.000000
0.020603
0.968327
0.000000
0.041205
0.000000
0.906518
0.556273
0.000000
0.000000
0.000000
0.267835
0.350246
0.000000
0.000000
0.123616
0.000000
0.000000
0.576875
0.000000
0.000000
0.041205
0.041205
0.000000
0.000000
0.000000
0.000000
0.000000
0.000000
0.000000
0.000000
0.453259
0.000000
0.000000
0.000000
0.020603
0.597478
0.000000
0.082411
0.164822
0.000000
0.123616
0.000000
0.000000
0.226630
0.000000
0.020603
0.432657
0.000000
0.123616
0.000000
0.000000
0.000000
0.000000
0.000000
0.123616
0.000000
0.638683
0.000000
0.350246
0.020603
0.206027
0.000000
0.000000
0.000000
0.000000
0.000000
1.277367
0.000000
0.000000
0.020603
0.000000
0.000000
0.000000
0.412054
1.091943
0.000000
0.988929
0.000000
0.803505
0.000000
0.000000
0.000000
0.061808
0.000000
0.103013
0.288438
0.453259
0.000000
0.000000
0.103013
0.391451
0.000000
0.082411
0.000000
0.000000
0.041205
0.000000
0.000000
0.000000
0.000000
0.000000
0.000000
0.164822
0.618081
0.041205
0.000000
1.442188
0.020603
0.000000
0.000000
0.000000
0.000000
0.041205
0.020603
0.020603
0.000000
1.091943
0.000000
0.020603
0.370848
0.226630
0.000000
1.483394
0.000000
0.041205
0.000000
0.082411
2.204488
0.679889
0.000000
0.000000
0.000000
0.391451
0.020603
0.473862
0.000000
0.000000
0.391451
0.000000
0.082411
0.000000
0.000000
0.000000
0.000000
0.515067
1.442188
0.020603
0.041205
0.020603
0.144219
0.000000
0.000000
0.000000
0.350246
0.041205
0.247232
0.247232
0.000000
0.000000
0.103013
0.000000
0.515067
0.000000
0.865313
0.370848
0.000000
0.206027
0.000000
0.000000
0.000000
0.061808
0.000000
0.000000
0.000000
0.000000
0.164822
0.000000
0.412054
0.000000
0.741697
0.041205
0.000000
0.000000
0.453259
0.082411
0.000000
1.462791
0.000000
0.000000
0.000000
0.000000
0.000000
0.000000
0.000000
0.000000
0.000000
0.041205
0.000000
0.000000
0.000000
0.000000
0.000000
0.000000
0.082411
0.144219
0.061808
0.000000
0.000000
0.000000
0.000000
0.000000
0.061808
0.041205
0.206027
0.000000
0.082411
0.000000
0.453259
0.000000
0.185424
0.000000
0.082411
0.000000
0.000000
0.000000
0.885916
0.000000
0.000000
0.020603
0.000000
0.288438
0.000000
0.041205
0.000000
0.494465
0.000000
0.000000
0.000000
0.000000
0.000000
0.000000
0.061808
0.000000
0.391451
0.000000
0.000000
0.000000
0.020603
0.000000
0.041205
0.082411
0.000000
0.000000
0.350246
0.000000
0.000000
0.020603
0.000000
0.082411
0.288438
0.000000
0.000000
0.103013
0.000000
0.000000
0.041205
0.000000
0.515067
0.000000
0.206027
0.000000
0.556273
1.813037
0.082411
0.000000
0.020603
0.000000
0.020603
0.000000
0.000000
0.061808
0.000000
0.000000
0.000000
0.000000
0.144219
1.957256
0.000000
0.000000
0.000000
0.000000
0.247232
0.082411
0.000000
0.164822
0.020603
0.082411
0.103013
0.123616
0.473862
0.020603
0.000000
0.000000
0.020603
1.400983
0.000000
1.771832
0.000000
0.103013
0.020603
0.247232
0.020603
0.000000
0.000000
0.000000
0.000000
0.061808
0.000000
0.000000
0.000000
0.597478
0.000000
1.071340
0.638683
0.061808
0.000000
0.020603
0.515067
1.112545
0.576875
0.432657
0.000000
0.000000
0.020603
0.226630
0.000000
0.473862
0.329643
0.000000
0.000000
0.020603
0.000000
0.000000
0.000000
0.061808
0.000000
0.000000
0.000000
0.000000
1.133148
0.741697
0.061808
0.000000
0.206027
0.000000
0.000000
0.000000
0.000000
0.144219
0.000000
0.000000
0.000000
0.041205
0.000000
0.000000
0.000000
0.082411
0.000000
0.000000
0.000000
0.432657
0.000000
0.000000
0.020603
0.164822
0.412054
0.000000
0.061808
0.041205
0.000000
0.020603
0.000000
0.000000
0.000000
0.927121
0.226630
0.515067
0.000000
1.297970
0.000000
0.309040
0.000000
0.000000
0.000000
0.206027
0.000000
0.020603
0.000000
0.000000
0.000000
0.082411
0.329643
0.000000
0.000000
1.133148
0.000000
0.206027
0.103013
0.103013
0.164822
0.309040
0.103013
0.020603
0.000000
0.000000
0.288438
0.000000
0.000000
0.020603
0.164822
0.000000
0.000000
0.061808
0.020603
0.020603
0.000000
0.000000
0.679889
0.000000
0.494465
0.370848
0.000000
0.000000
0.000000
0.000000
0.000000
0.000000
0.000000
0.123616
0.000000
0.000000
0.082411
0.061808
0.000000
0.041205
0.000000
0.020603
0.000000
0.000000
1.174353
0.020603
0.000000
0.000000
0.659286
0.000000
0.000000
0.309040
0.185424
1.359778
0.000000
0.000000
0.144219
0.247232
0.164822
0.000000
1.009532
0.123616
1.153751
0.000000
0.000000
0.000000
0.000000
0.144219
0.082411
0.226630
0.309040
0.000000
0.865313
0.000000
0.329643
0.000000
0.000000
0.000000
0.082411
0.000000
0.535670
0.020603
0.020603
0.082411
0.000000
0.000000
0.000000
0.020603
0.000000
0.000000
0.103013
0.041205
0.020603
0.000000
0.041205
1.503996
0.000000
0.061808
0.061808
0.000000
0.000000
0.082411
1.442188
0.000000
0.000000
0.000000
0.041205
0.000000
0.000000
0.000000
0.309040
0.000000
0.123616
0.000000
0.000000
0.123616
0.103013
0.000000
0.494465
0.082411
0.000000
0.020603
0.103013
0.000000
0.123616
0.185424
0.000000
0.453259
0.020603
0.020603
0.000000
0.000000
0.000000
0.020603
0.000000
0.000000
0.041205
0.061808
0.000000
0.968327
0.288438
0.020603
0.000000
0.000000
0.000000
0.000000
0.020603
0.061808
0.000000
0.000000
0.000000
0.000000
0.000000
0.000000
0.000000
0.782902
0.309040
0.000000
0.556273
0.000000
0.103013
0.000000
0.000000
0.412054
0.000000
0.000000
0.000000
1.442188
0.020603
0.000000
0.865313
0.041205
0.000000
0.020603
0.000000
0.000000
0.000000
0.000000
0.000000
0.000000
0.020603
0.020603
0.000000
0.000000
0.000000
0.370848
0.000000
1.400983
0.000000
0.103013
0.412054
1.648215
0.144219
1.462791
0.020603
0.000000
0.082411
0.020603
0.000000
0.041205
0.061808
0.000000
0.082411
0.000000
0.988929
0.000000
0.020603
0.000000
0.412054
0.020603
0.000000
0.000000
0.020603
0.000000
0.000000
0.267835
0.000000
0.000000
0.000000
0.000000
0.329643
0.144219
0.000000
0.000000
0.000000
0.000000
0.000000
0.000000
0.020603
0.123616
0.288438
0.000000
0.000000
0.000000
0.000000
0.164822
0.000000
0.000000
0.000000
0.000000
0.000000
0.164822
0.350246
0.000000
0.000000
0.000000
0.000000
0.927121
0.020603
0.391451
0.267835
0.000000
1.153751
0.000000
0.020603
0.638683
0.329643
0.061808
0.000000
0.329643
0.000000
0.000000
0.000000
0.000000
0.000000
0.000000
0.000000
0.000000
0.000000
0.000000
0.000000
0.721094
0.762300
0.000000
0.000000
0.020603
0.000000
0.000000
0.226630
0.000000
0.000000
0.000000
0.000000
0.020603
1.133148
0.103013
0.000000
0.000000
0.000000
0.000000
0.000000
0.041205
0.041205
0.000000
0.000000
0.144219
0.185424
0.000000
0.515067
0.000000
0.000000
0.453259
0.020603
0.103013
0.061808
0.927121
0.061808
0.000000
0.000000
0.000000
0.041205
0.144219
0.000000
0.041205
0.000000
0.082411
0.412054
0.000000
1.297970
0.000000
0.000000
0.041205
0.000000
0.020603
0.000000
0.247232
0.000000
0.041205
0.000000
0.000000
0.000000
0.288438
0.247232
0.391451
0.206027
0.000000
0.000000
0.000000
0.000000
0.000000
0.000000
0.391451
0.000000
0.432657
0.000000
0.000000
0.000000
0.000000
0.000000
0.556273
0.000000
0.020603
0.123616
0.000000
0.000000
0.515067
0.679889
0.803505
0.412054
0.000000
0.000000
0.453259
0.000000
0.020603
0.164822
0.020603
0.000000
0.000000
0.041205
1.194956
0.020603
0.000000
0.103013
0.000000
0.000000
0.535670
0.020603
0.000000
0.000000
0.082411
0.370848
0.103013
0.865313
0.185424
0.000000
0.988929
0.000000
0.247232
0.164822
0.020603
0.000000
0.473862
0.000000
0.000000
0.000000
0.782902
0.000000
0.000000
0.041205
0.350246
0.000000
