-10.697658
0.763019
0.380308
1.494221
2.276274
0.365026
1.351487
-3.275907
8.245746
-3.589941
0.926235
1.556173
-0.566579
-0.364214
-0.648040
7.073455
-3.148739
2.625462
-1.818693
-8.816846
-1.748771
-3.324278
5.903259
-0.979435
5.741313
1.505767
5.903473
2.166973
-0.209938
0.529525
2.000454
4.332182
1.413295
1.336790
-3.266473
-0.735303
1.112531
0.524865
2.557281
-0.014278
-2.387119
-5.875143
1.210474
0.219556
-1.269391
-2.935849
1.061685
-1.929399
9.990620
0.860900
-0.111330
-0.350299
-0.507229
-0.329382
-0.519442
-0.728656
-0.558096
-1.309485
0.870911
-1.153218
-0.456021
-1.098884
-1.357629
0.377154
-0.848081
0.961500
-1.523007
-1.414880
-1.199529
-2.141964
0.665404
-1.177486
0.000323
3.432549
0.737809
-3.320274
-0.954236
0.105198
-0.720407
-1.559660
1.538228
0.012334
-3.441315
-1.182199
0.033330
-0.223410
-1.742100
-0.618661
-1.383459
-2.492076
-1.552978
-0.432285
-1.298862
-1.249481
-1.402105
-1.387640
-1.823908
-2.614593
0.845027
0.145404
0.407359
0.291302
0.559079
-0.425028
1.053059
-1.700161
0.724723
0.081445
2.562951
3.104050
-0.162104
-0.552873
-0.059381
2.085932
5.082040
1.260075
3.362225
1.543643
-1.388088
0.508602
-0.215074
1.623132
-3.996921
-0.430735
-0.524253
-0.135779
-0.178891
-1.397649
0.839903
-5.831864
-1.902577
-1.998281
-1.645446
0.885920
3.691672
3.158133
2.476398
3.487295
0.648052
0.311829
1.558800
2.739031
-0.557823
-2.644808
0.950230
0.924132
0.642101
-1.401544
-0.267029
-0.139285
-0.029914
0.078175
-0.148202
-0.309117
0.907312
-0.277708
0.947067
1.015057
0.624502
0.766724
-1.664575
0.111586
0.391309
0.002447
-1.504911
-3.143254
0.960431
-1.510172
-0.117970
-0.490559
-0.658349
1.912271
-0.885204
-0.678518
-1.198779
-0.058518
-0.479979
-2.693568
1.679088
-0.721885
-1.130264
-1.481588
-0.179548
-0.128314
-0.462388
-1.768489
-0.695039
-1.764604
-1.010669
0.510302
0.110577
0.245088
-0.361929
0.128362
-0.738884
-1.585551
-2.228157
3.629446
2.328525
1.027258
0.885756
1.715431
-1.248798
1.606009
-1.653687
-0.140270
-2.220585
-1.592435
-0.012753
2.035730
1.531135
-1.044878
-1.400970
0.892797
2.459414
-0.582989
1.829467
2.063407
-0.751976
3.950940
4.244978
5.376143
-1.921928
0.215455
0.687444
-0.157270
0.036240
-1.503171
0.374317
-0.659782
1.501811
1.202091
-0.894754
-0.929483
-4.809834
-2.236748
-1.610830
2.743233
-0.857686
0.254538
-1.245137
-0.295228
-0.775864
0.211819
-2.742807
3.508349
0.189890
-0.765779
0.080384
0.337305
-0.503707
1.308976
-0.876915
0.099454
-0.328957
0.025832
0.303133
0.147502
-0.317006
-0.808565
-1.080412
0.257178
0.809530
-0.522145
-0.132527
-0.924734
0.182187
0.578243
1.225492
3.078294
3.506997
-0.144526
0.895556
-0.383702
-0.609872
-0.165172
4.553526
3.447384
-1.454865
-1.088863
-0.028949
1.772189
0.448349
1.410849
2.694801
0.233472
0.022726
-0.893364
0.759232
-1.365832
-1.534021
-0.791814
0.546358
-1.012985
-0.435522
-1.055277
-0.121414
-0.351423
0.007662
0.073736
-0.541114
-5.244206
0.928243
-0.194529
0.972150
0.958039
0.743783
-0.596053
0.404943
1.388209
0.099493
0.269649
0.570419
0.026202
-0.460232
-1.165970
1.236928
0.448010
1.240907
-0.245152
1.740455
-0.547572
0.007423
0.738697
0.886526
0.105458
-0.596500
0.556930
-1.806328
-0.579182
0.735212
-0.128167
0.311216
0.145574
0.687940
-1.302436
-0.137479
0.996503
-0.975135
-1.378323
-0.327261
0.740513
0.594468
2.457655
0.929765
1.394901
0.848092
1.017206
0.915239
1.209402
1.850368
0.351567
-0.277514
0.952986
0.430244
0.063360
0.810629
0.510656
-0.950168
-0.637531
-0.237306
0.662924
0.190947
0.333563
0.468840
0.162541
-0.438824
-0.365410
-1.629695
-0.448560
-0.528480
0.780344
-0.093713
-2.123058
0.099958
-1.404767
0.886832
-0.019141
0.346757
-0.267287
-1.614362
-0.208261
-2.443594
-0.324657
-0.133543
0.578527
-0.519132
-1.271249
-0.531756
-1.437733
-0.584473
0.544724
-3.081197
-1.984497
0.336064
-0.363611
-0.509903
-0.037486
-0.495898
-2.369884
-1.145087
1.184997
1.348791
0.898666
-0.191939
2.017403
-0.182463
-0.084893
2.578017
0.021016
1.055772
1.504899
0.694798
-0.367138
-1.054346
-1.465506
-2.053029
-5.006539
-2.227672
-0.656240
-0.647614
0.555763
0.188148
-3.205020
-2.623620
-1.466338
0.783509
0.911842
-0.299194
-0.975467
-2.059766
-1.347814
-0.836984
2.379061
0.354010
1.737160
0.155766
-0.454655
-0.282475
0.689538
-2.161007
-0.293066
-0.367396
-1.543959
-0.753637
-0.977474
-1.641826
-1.793404
-1.485862
-1.166474
-1.269686
-0.371384
-0.609519
-1.043907
-1.835717
-0.846165
0.449454
-1.195156
0.514259
-0.387077
-2.153924
-1.451675
-0.554806
-0.499889
-0.837826
3.010992
1.827039
-1.388374
0.331562
-0.063271
-0.853720
0.571900
4.117147
2.401989
-0.515906
-1.482547
-1.160317
-2.790443
-3.031642
-0.851226
-0.861249
-3.008854
-3.121132
-0.193686
-0.639081
-0.954431
-0.200490
-0.501593
-1.555018
1.303175
-1.675403
0.516192
-0.228939
-1.447928
-0.975135
-0.414642
-0.212049
-1.704682
-2.576370
1.121800
0.448802
1.331946
-0.793078
-1.626895
-1.345615
-0.756699
2.604109
-0.776236
0.907945
-0.234903
-1.692555
-2.599815
-1.389961
3.545166
-1.481023
-1.387519
0.451250
-2.449250
-1.961397
-0.975340
4.447409
-1.124478
-0.267993
-0.248614
-3.095891
-1.140508
-0.285449
4.088781
0.724815
2.457119
-0.356125
-2.615345
-0.664695
-0.936130
-0.201185
-2.528832
-0.688404
-1.031100
-3.060699
-0.148823
3.328766
1.273884
1.429288
1.473951
1.054317
-0.518741
1.641933
-0.481945
-1.592924
-1.631627
-1.365568
0.123183
1.470471
-0.498446
-1.349261
-1.420659
-1.824344
0.100799
-1.672069
0.987679
1.689497
-2.433378
-1.909698
-3.354843
-2.363254
-2.421402
1.715452
0.324933
-2.186129
1.769654
0.096643
1.443686
-1.729793
3.118142
-0.079891
-2.584618
-1.356524
-2.196589
0.587548
-2.390265
1.072065
0.534021
0.698720
3.181778
3.970615
2.480622
0.814149
1.497962
0.144456
0.873021
-1.307591
-1.296983
-1.103900
-0.746983
-0.494088
-0.138382
-2.168750
0.929486
0.022540
-0.422747
-0.628650
-0.777928
-1.537835
-1.685138
2.039687
-3.570186
-1.540662
0.854436
-0.743676
-0.338825
-0.340272
-0.301221
-3.946980
-2.104888
0.134429
0.378684
-0.905046
0.037803
1.552625
-0.483579
2.059991
0.358926
0.681827
-0.053099
-0.352626
0.700364
0.122020
3.839356
0.593865
0.604791
-1.100619
-0.054146
0.520432
0.102998
0.844113
-0.045293
-0.538816
3.046474
2.175523
4.518339
3.843531
4.344614
4.520783
6.965597
1.944625
1.660016
0.489182
-3.698446
-2.468840
-1.053763
3.323819
3.535537
0.712514
0.194090
0.230019
1.639474
-0.565596
2.258176
1.232630
-1.111470
1.800150
-8.180882
0.443753
1.614410
-1.595015
1.300089
-0.206877
0.654928
-3.964206
0.704900
3.282903
0.488109
4.380376
-2.163910
1.632762
-1.793784
3.222201
-3.291740
0.850663
6.156449
-0.672918
-3.347301
-4.122329
-3.197627
-2.632841
6.998717
13.815565
3.266297
4.315940
1.055413
1.670314
2.534653
6.679678
2.980891
4.149285
0.115151
0.933602
0.684164
-0.528111
4.152005
2.284888
2.059142
-1.773141
1.252599
-2.148455
-3.769244
1.911094
0.289958
-0.623507
-5.911008
3.011408
-0.674171
-1.476432
1.755096
3.205913
-1.670937
-0.753866
-2.103611
-3.801526
-4.051091
-1.089131
2.733719
-2.771454
0.840258
-3.780234
-0.448147
-2.467919
0.759650
6.160891
-0.718009
1.708638
-1.604514
0.128922
-2.238128
3.294452
7.961214
0.953362
3.539841
1.911108
2.205250
3.228783
5.622137
0.827540
2.335989
-0.587933
-1.933474
-2.050988
-0.243763
5.366089
2.120789
-1.369257
-1.591666
0.916389
-1.363478
-0.348820
4.473440
-0.180118
-3.838707
-2.615448
4.322786
-2.077824
-2.147776
-0.768332
1.256172
-0.540401
1.577394
8.809929
4.714346
0.612695
-0.758556
1.687368
-2.843752
-2.281660
1.131734
-2.554039
-3.859702
1.094835
5.094856
2.223679
0.574617
-0.721704
-1.752066
0.255125
1.895756
0.138244
1.292822
0.513534
1.162308
1.249772
0.461993
1.097389
1.720551
1.032124
-0.407267
-0.658897
-1.097191
0.064165
0.293545
0.993171
-1.990785
-1.117489
-1.465421
0.173432
-1.392905
-0.688624
1.624608
-0.625381
0.299487
-0.539591
1.091253
-1.131896
-0.412788
2.258275
-0.800726
1.129749
0.286512
3.174775
-0.023399
-0.560142
1.348274
-1.080192
-0.504966
-0.387850
2.070188
-1.276684
-0.980742
2.027585
-0.346359
-1.004406
-0.500625
-0.223766
-1.222388
1.989804
-3.628821
1.075672
-0.056530
0.924562
1.036674
1.342298
-2.265011
-1.433971
0.713513
-0.476600
-1.782104
-0.779257
-0.479115
-0.367642
-1.812702
-1.360903
-0.504582
-4.287170
-3.605924
0.257118
-1.630897
-2.192106
-2.353418
-0.500935
-3.396807
-0.662013
0.314473
-0.568107
-3.021465
-0.394972
-2.842425
0.280194
-2.243647
-0.922503
-1.926599
-0.769549
2.159913
-3.813057
-1.029078
-2.849628
0.623627
-1.954265
-0.654723
1.447267
-2.255730
-2.592371
-1.257899
0.413555
0.943852
1.603220
-0.148738
0.994433
0.291846
0.662112
1.321723
2.299456
-0.111244
-0.483025
-1.412116
-0.476232
0.043818
-0.924638
0.453735
0.495289
0.751259
0.819809
1.361204
1.863044
-1.070248
0.340607
-0.486691
0.445169
1.084426
-1.258342
1.552463
0.628897
0.548175
-1.375348
-0.903957
-0.550831
-1.250582
1.323955
0.368196
-0.302028
0.109455
0.910916
1.703581
1.206861
0.937895
0.493102
-0.605058
1.745483
-0.525362
-0.600470
0.107495
-0.277308
0.254019
0.737942
-6.438363
-0.011048
-0.275801
-0.434006
-0.069127
0.487563
-3.286373
0.214299
0.481991
0.156867
1.120160
1.548696
2.082144
-1.108494
-0.294145
0.433358
-0.519322
-2.766128
-0.744570
1.563646
-1.647580
-0.854012
-0.924943
-3.274262
-5.333810
-4.321991
-0.824921
-0.173471
-0.850372
-1.902844
-3.744526
-3.609040
-0.630882
-2.790537
-0.723583
-0.506976
0.359531
-0.505156
-1.926867
1.369438
2.826446
0.224556
-1.457715
1.424974
0.188681
-0.038201
0.310585
2.552911
-2.485513
0.424601
1.806425
1.294462
1.990449
1.942096
1.517572
1.251641
1.676957
0.434776
0.158799
0.117984
0.457143
0.127851
2.395176
1.180626
1.616875
-1.027338
-0.537843
-0.669056
-1.758207
1.424214
0.808916
1.257053
-0.373202
-0.783037
-0.412802
-0.247274
1.154713
0.172726
-0.215107
2.061720
1.691133
1.906211
0.464366
0.714110
1.433213
-0.561207
2.346918
-0.226137
1.524676
-0.933977
0.929587
0.336814
0.291441
-0.236610
-1.513249
0.004983
-0.175213
-0.536106
-1.674381
-0.134305
-0.002069
0.559796
0.491775
0.591888
-0.503342
-1.242068
0.298977
1.099092
2.529155
1.841883
1.032618
0.286619
0.056515
0.763436
-0.897865
-0.272072
-0.140011
1.458514
1.355048
0.521925
0.095303
-1.773566
-1.439944
-2.390231
0.337412
2.011664
0.367190
1.831759
0.662584
1.036353
0.429815
1.470570
2.759426
0.850660
-0.383985
-0.968510
0.641266
1.378522
0.199929
1.045291
-0.540295
-0.380750
1.194373
-0.417221
1.420338
0.300928
-0.648250
2.385803
0.082171
1.169705
0.499512
0.710001
1.043907
0.006587
0.289097
2.140078
0.250123
-0.616774
-0.099492
1.140797
0.476673
1.326602
0.914155
-0.623816
-3.243857
-3.141254
1.128214
0.707302
0.739929
1.076847
0.256693
1.310922
-0.041608
-0.335659
0.884022
1.375930
0.048459
-0.000981
3.260055
1.822312
0.695313
-0.326987
1.079486
-0.087049
-0.260717
-0.119646
-1.287006
-0.063319
-0.061475
-0.386466
0.182166
-1.098308
-0.484089
-1.646366
-0.080264
-1.316789
0.888465
-0.920957
0.224000
0.178232
-0.095936
-1.689193
-2.504435
1.111530
2.152241
0.366982
0.664210
1.031662
-0.138930
0.408107
1.152618
2.994674
-0.396007
-1.156680
-1.135055
0.701826
0.020979
0.601061
-0.041321
-5.270241
-7.894411
-7.247581
-1.767732
-1.118464
2.236435
-0.506826
-2.321483
-10.535366
-5.147015
-4.715311
-0.517537
0.094513
-0.554655
-0.376101
-5.366548
-1.982942
-1.568430
-1.052462
-0.443911
0.287708
-0.756030
-3.818440
-2.594378
-1.092703
-3.591464
-0.749646
1.802723
-0.323612
-0.406851
-0.617358
-0.557940
-0.167837
1.387875
0.931490
-0.063671
-0.509613
-0.519687
-0.084939
-0.022131
0.749541
-0.057858
-1.314901
-1.434631
-2.222855
-0.796120
0.298848
1.283623
-0.105607
-0.875722
0.036796
-1.969259
-1.299107
0.795222
1.205985
-0.792488
-0.272132
-1.325984
-0.228063
-0.827178
0.983035
0.477335
-0.712435
-0.627597
-1.006446
-1.465117
-0.922794
-0.010097
0.031857
-0.991757
0.278469
-0.798471
-1.166996
-0.856406
0.010396
-13.139559
-0.098586
-5.707787
-3.418001
-4.010412
-4.672201
-6.988337
1.156048
-3.555049
-1.373175
-3.772704
-3.125465
-2.863173
-0.243479
-2.434869
-0.656295
-1.149694
1.860686
1.764090
-1.388680
1.916038
0.147511
0.229551
-0.889675
-5.968430
-4.192279
-2.004182
1.650403
-1.737106
-0.389115
5.404849
0.840920
4.658850
1.216555
2.508101
-0.798578
-2.785928
3.512617
0.825932
3.620990
-1.288748
1.935858
-6.063015
-0.194263
-0.763517
-0.159308
-1.096989
-1.491261
-4.562602
-2.721424
-1.574199
-1.190938
-0.548694
-0.397086
-0.859794
-0.129274
-1.678813
1.523395
1.236081
1.145727
1.212645
1.938472
-0.332360
-0.089752
1.381233
1.851484
1.429046
0.569928
1.499047
-1.162864
0.119195
1.611415
0.191139
0.760859
-1.643996
2.046263
-0.100395
0.303025
0.049699
-1.888465
-0.820488
-2.310639
0.368824
-1.611311
0.059058
1.676791
-0.230677
-0.320588
-0.358513
2.041341
-1.423240
0.942870
0.350644
0.258026
-0.042413
0.820587
0.312202
-0.683812
-0.772604
-0.589211
-0.009235
0.022611
0.056269
0.290323
-0.264445
0.457225
0.643727
0.318533
1.472209
0.921242
1.066118
0.181043
0.148652
0.624967
1.698577
2.170932
1.761861
1.919026
0.629520
0.719449
1.222783
1.130434
3.931504
2.038682
1.854668
0.824675
0.856813
0.674562
1.775455
3.817544
2.384311
2.439294
1.610206
-0.187247
1.238925
-0.343614
-0.669603
-0.584497
0.944546
0.503649
1.655714
1.576718
0.293981
0.914799
1.211354
1.750099
2.128735
-1.418937
0.739025
1.216090
1.705643
1.500497
1.606197
0.696847
-1.741811
1.164936
0.777022
0.241448
0.367616
1.357084
1.239719
0.915643
0.046131
-1.598221
-0.479106
-0.215906
-0.419806
0.804610
0.139024
-0.604571
-0.410388
0.536218
0.004521
-0.909716
0.026666
0.008232
-0.274644
1.744050
0.383396
0.498093
0.104161
0.470666
0.600234
0.077111
2.046354
0.280655
2.236467
1.597697
0.688617
0.536476
0.837213
1.802178
1.600249
1.855707
1.157793
0.207299
6.287377
1.356651
2.931892
2.538695
2.989074
3.000536
1.930879
2.047270
0.763141
1.164709
1.525717
1.009861
1.359574
-0.717424
1.544746
2.048117
1.438246
2.327364
1.873475
2.572774
2.202944
1.241935
0.992817
-0.508844
2.960135
0.072234
0.630414
-0.385991
0.762836
1.769633
1.020487
4.467975
1.638580
3.639467
1.297971
0.775166
0.954142
-1.075583
2.205026
-0.749642
1.019747
-0.989270
1.394400
0.055944
0.546027
1.007786
0.205340
1.021459
-1.470277
2.376618
1.054429
0.221028
0.409919
0.526361
0.668391
0.060167
1.547410
0.135682
-0.807557
-0.095986
-0.449799
-0.610478
-0.302336
0.714398
1.116671
-0.145179
0.579823
0.222141
0.776599
-1.223828
0.544079
1.454344
-0.747263
-2.039193
-1.166211
0.642943
0.248443
0.599419
1.122479
0.433970
-2.135051
-1.361686
-0.775112
-0.252354
-0.187358
1.453215
-1.511708
-0.244277
-0.523045
0.285655
-0.563819
-0.219350
-0.675430
-0.220815
0.787699
0.436076
-1.347162
0.123643
2.461035
-2.649381
0.756067
-0.096651
0.068214
-0.660403
0.904300
-1.056685
1.477663
0.171013
1.724204
1.519335
0.949841
-0.583836
-0.514898
-0.828382
-1.699017
-2.064460
-1.771505
-1.098725
-1.385013
0.617791
-1.839493
-0.733290
1.326137
2.414973
-1.732825
0.463202
1.069401
-1.199234
-0.291056
3.380421
1.643960
-1.192877
-0.198259
-0.805785
-0.358648
-2.747112
1.095839
-2.266486
-2.884933
-1.757749
0.530428
-0.659186
0.324286
-1.003502
-1.810169
-0.126372
1.097813
-3.333908
0.506422
0.057218
1.550206
1.489358
0.665150
0.036532
-1.316777
-0.223834
0.386009
-1.355461
-1.363102
0.025638
-1.076573
0.470734
0.333480
-0.383748
-0.123765
-0.782993
0.860015
0.343771
-0.054258
0.704016
-1.484119
-0.945610
-2.208714
-0.169838
-1.248099
-0.467159
1.496324
0.158449
1.509315
-1.399828
1.420062
-1.052179
-0.281439
1.337498
-0.971074
-0.777769
-2.437924
-0.051083
-0.361863
-1.695308
0.175064
-0.617763
0.451642
-0.952145
-0.166618
-0.619371
1.610746
0.031620
-0.093941
0.779254
0.547784
0.464707
0.556916
1.114524
1.035851
-0.097146
-0.057641
-0.216108
-0.786147
0.533375
1.017093
0.534916
-1.584036
-0.609158
-0.650145
-1.143271
0.374475
1.126093
0.072426
-2.663490
-2.167991
-0.561486
-1.227513
-0.482967
1.196526
0.689968
-3.327775
-2.096628
-1.066749
-0.256759
-0.396584
2.237600
1.297775
-0.894247
-1.270968
-0.198889
0.256892
0.597035
-0.628826
-0.160939
-1.876068
-1.662899
-0.476867
-0.150519
-0.213106
8.038297
1.120318
8.919335
6.350755
7.471834
7.281340
7.817481
-1.161089
5.058797
1.707253
1.805646
2.339904
2.633416
3.541612
6.518559
1.653302
-0.307391
2.334956
-0.535848
-0.324558
2.865609
2.447354
0.505966
-3.460470
-7.709664
-5.725429
0.516698
5.277375
3.752130
-1.789696
0.102538
-1.926774
0.315001
-1.858887
1.281690
2.739625
1.817758
1.119348
-3.139544
-0.801105
-0.568651
0.958133
7.743528
2.701921
2.966651
-2.048429
0.845395
0.248529
0.777734
3.313571
0.971283
2.453802
2.415709
2.435561
1.756788
0.856955
1.854470
2.247138
1.406757
0.014439
-0.226420
1.328988
1.279341
1.264883
0.728497
-0.897257
2.752772
1.651813
0.156976
0.822187
1.348500
0.134335
1.709516
2.222167
1.223330
-0.807954
-1.488794
1.938540
-0.860535
0.289585
1.063271
1.530390
-0.002725
-0.469697
1.776096
-1.614690
2.435304
-0.621392
-1.209847
-3.241762
-0.317152
0.876639
-0.808942
0.372960
-0.358986
-1.255827
-1.502931
-0.666928
6.146280
1.098261
0.834760
0.963078
0.704790
1.300764
1.146207
2.143533
0.593451
0.698129
-1.387060
-1.907352
1.725622
1.275144
1.274044
-1.129253
0.838980
1.921217
-0.481723
-0.183403
1.018530
0.930972
0.695374
7.436572
5.881736
6.299695
5.087569
0.853396
1.693055
0.932391
3.096829
-1.207214
3.513685
-0.082018
0.395856
0.839274
-0.845310
3.681773
-0.931835
1.908434
-1.011426
1.469787
2.231777
2.515164
1.425832
1.192556
0.559961
0.875474
2.770414
-1.714051
-0.003735
-0.273395
-0.335425
-0.270670
-0.065349
-1.033728
-1.213515
1.747184
1.157995
-0.061525
-0.215403
1.172170
0.127395
-0.826153
0.288359
0.325266
1.950025
0.918286
0.439367
-0.278768
-0.126286
0.671461
-0.687826
-0.329473
-0.027022
-0.210939
-0.811394
0.097408
-0.078321
0.867508
-1.838209
-0.076059
-0.618403
-0.734126
0.209819
0.114866
1.058642
-0.575776
0.391791
-0.218692
-0.015050
-1.768697
0.198230
-0.452927
-1.669466
-1.109001
-0.573421
-1.996904
0.481381
-0.289868
-1.774238
-0.562652
-0.620524
-1.195608
-1.404336
-1.160795
-2.484396
-0.350239
-0.980195
-1.132241
-1.040186
-2.601214
0.195169
-2.474228
0.332458
-2.991268
-2.595314
-1.123343
-3.128401
1.818541
-2.063102
-5.432123
-3.256727
-5.461535
-2.528639
-1.520316
1.265407
-0.245177
-1.733781
0.194189
0.324111
0.335439
-1.362311
-0.488319
0.368236
-2.686904
-0.113242
-3.047383
-0.730828
-2.586040
-0.457031
-3.211166
-2.168481
-3.245170
-3.303137
-1.539802
0.186231
1.856220
-1.703855
0.280593
-0.354688
-0.336514
-0.135045
0.717458
-1.239540
-0.619696
-1.349550
-0.382247
-0.470388
-0.829975
-2.406898
-0.315504
-0.915996
-0.369593
-3.342941
-2.483482
-0.420194
-1.213724
-2.100886
-1.457337
-3.656162
-7.038856
-6.039624
-1.260082
-3.303792
-1.468629
-0.546114
-2.588052
-4.354443
-2.920942
2.508011
-2.218740
-1.928421
-0.816861
-2.428098
1.584443
-2.405136
-0.123497
-2.842397
1.323547
-0.886242
-1.834934
1.585639
-0.502191
-0.681630
1.129218
-4.031285
0.713099
-1.725110
-3.013727
-2.790011
-0.324482
-1.625367
1.773226
0.452095
0.647722
-1.683564
-1.068228
1.686365
0.182278
0.773205
-0.224424
0.081114
-1.400640
-2.848570
1.250227
-0.712503
0.480787
-0.741705
1.066057
7.972126
6.338379
-0.629734
-1.267507
0.769112
0.916491
1.127880
4.612577
8.660452
1.308355
-0.520592
1.371624
2.800570
1.845293
-1.218744
0.602692
1.714373
-0.093851
-0.845554
0.430384
-0.726240
-1.546249
-2.002584
1.620478
-0.583094
4.889587
2.951881
2.206975
1.836642
1.638952
1.920421
-0.221574
3.218691
-0.159949
1.880955
-0.181563
-0.119842
1.495358
0.555517
1.056035
-1.201328
-1.495472
-1.199829
-1.994416
-0.751195
0.397981
0.977939
-1.572504
-3.372159
0.213848
-1.189443
-2.660615
-1.310064
1.932015
0.415979
-0.755246
0.626111
0.145491
-0.843786
-0.358311
0.626374
0.785591
-0.919079
-1.688879
-1.387624
1.067663
-0.118177
-0.331405
0.100237
0.997111
0.186061
-0.269479
-0.156715
-1.484575
-4.153025
-0.203630
-0.719279
-0.754930
-0.777696
-0.467678
-0.824494
-1.290100
-2.096042
-0.177199
-0.551028
-0.359627
-0.594291
-0.467438
-1.383040
-0.349041
-0.638833
0.075391
0.300220
1.222703
-0.676643
-0.678801
0.177060
-0.884231
-2.205945
-0.619069
0.194138
-0.233052
-0.967252
0.429103
-0.517346
-2.944845
-0.503848
-0.098018
0.510198
0.544551
-0.464633
0.846102
-0.684748
0.203595
-0.070054
1.341928
-1.228543
-0.853341
-0.813035
-1.174174
0.593697
0.770824
-0.697688
-0.830813
1.045678
1.081559
1.098884
1.170069
0.350289
-0.152997
1.524602
-0.025337
-0.692230
-1.070481
-0.923892
-0.066012
-0.394646
0.682731
-1.902429
-1.500645
-0.749125
-1.979473
-1.597302
-1.124026
0.724222
-1.445518
0.974184
3.327802
1.810705
-0.760118
0.880635
2.038270
-2.370414
-1.412143
1.781395
1.382771
-2.026096
0.634541
0.627262
-1.248816
-1.664888
-0.883848
-0.819884
-0.812150
0.357175
0.845389
-0.877695
0.289380
0.397046
1.047911
-0.579320
1.021570
2.317023
-3.995199
1.947651
1.431258
1.757243
1.547911
3.372018
-3.542924
0.500025
-0.302329
1.700211
2.285105
0.477111
0.677844
0.630859
1.060037
1.494256
1.365001
1.100036
-0.572686
-0.908745
-1.440897
0.344604
-0.702790
-6.089165
-2.197647
0.880636
-1.217259
-1.129169
-1.242305
-3.298174
-1.177637
1.392876
-0.473154
-2.913036
0.920335
2.057821
0.197677
-0.067854
1.541922
1.139735
-0.427655
2.012312
-0.681308
-1.990164
-2.356372
-1.537416
-0.336357
0.123015
-10.706461
1.118505
-3.063379
-1.281977
-1.620167
-1.436069
-4.678766
-2.194116
-2.878313
-0.965340
-2.443347
-4.156187
-0.116324
-2.048669
-0.449690
-1.464084
-3.334053
-0.233827
-2.377159
-1.279214
1.092999
3.227814
3.048700
0.368470
4.805114
2.971839
2.237326
2.347049
3.589233
2.785525
5.900259
9.846493
8.045811
2.745039
3.413161
1.633787
-3.791507
-4.134996
3.575429
0.232586
-3.016007
0.048162
-5.212029
-0.637595
-5.568264
-0.551637
-2.302383
-1.554700
6.214585
-7.447790
-1.043327
-4.875183
-3.505510
-4.287939
-2.624466
-3.102745
0.321140
-5.267088
-4.609753
-4.720102
-4.463089
-4.158234
-1.854351
-4.731735
-3.296766
1.162026
1.576931
2.949216
-1.075207
-1.383923
-2.709337
-0.038990
1.009048
-6.364492
-1.799955
0.232999
0.086237
-2.891766
-0.310430
4.041075
-5.205624
-0.696263
1.008713
0.465475
-1.096321
-2.296152
4.233787
-0.358713
4.548135
-1.135000
-0.296847
-2.681355
-2.118120
-0.641269
-3.681170
-2.526230
-2.526419
0.129650
1.554853
-0.954616
1.013079
-0.145546
-0.045406
0.132905
2.153618
-1.150556
0.951924
-0.387237
-1.406867
-0.992831
-0.898261
1.162177
0.513438
-0.500110
2.194348
-1.695382
0.469251
1.161008
0.551565
-0.733069
0.456723
1.601741
-4.296945
-0.907935
2.271343
-0.048305
-1.263131
-0.294631
1.059524
-2.489539
-0.258550
1.540593
1.006481
-0.446677
0.201079
0.636332
0.040783
0.569678
-0.030016
1.189991
0.383891
-0.010804
-0.501229
-1.799354
-1.631017
-0.341998
-0.545964
-2.262458
0.530839
-1.073131
-0.091933
-0.253891
-0.162534
-2.212081
1.161590
1.370095
0.743960
1.386410
1.656098
1.607146
-0.481889
-0.541288
0.786739
-0.518490
-1.593633
-1.187539
0.525183
-0.297128
0.136751
0.481170
-2.567702
1.138507
-1.176928
-0.416307
0.692937
0.482601
0.822506
-1.562625
0.904804
-1.117968
-0.902450
-0.005715
0.669604
2.313742
-3.292312
0.093979
-0.477602
1.426688
-0.184374
-2.021110
1.380068
0.342494
-0.215167
0.674118
1.467707
-1.769190
0.287300
1.363649
-4.478307
-1.962655
-2.115215
-2.138505
-7.884719
3.317788
-0.932316
0.359474
-0.406219
0.790984
1.753914
-2.543393
-0.679571
0.469126
1.950962
-0.356200
2.545349
1.633910
-1.916992
-0.680693
-0.837821
2.504798
2.958364
2.723511
-1.815797
-2.521044
-1.199608
-0.418850
-1.572186
-5.479937
-4.314981
-1.223987
-0.365926
-0.960276
2.366074
2.215655
0.616446
3.885546
4.699300
-1.215258
-4.938655
-2.429807
0.345700
-0.792170
1.216663
0.650325
-6.690756
3.474885
-0.831939
1.763284
-0.583291
0.231001
0.402849
2.020192
-0.992464
-0.650964
0.165854
-2.306439
-1.458326
0.056878
-2.003482
2.506710
-1.815578
-1.516601
-2.285343
-0.464527
-0.788926
-2.773918
1.473507
1.406647
-1.347552
-0.847367
-1.436204
0.438832
0.810266
2.881726
1.919718
4.153757
3.371732
2.279217
1.298586
1.654744
1.168553
1.734399
1.377405
1.087772
2.947922
-0.229892
0.225530
0.590743
-1.093161
0.506305
0.578454
3.316582
0.864908
1.385581
-1.759346
-0.929241
-1.019262
-0.758841
-1.024956
-1.586279
-3.140005
-0.291906
-3.322906
-2.027357
-1.775568
-1.754021
-0.912634
0.368950
1.235790
-1.884842
-0.225769
0.433722
2.487526
2.400864
3.957422
1.781857
-2.611418
0.401882
-8.733232
-4.518364
-2.436943
3.513216
1.902651
2.602047
0.062054
-10.480772
-6.154537
-0.891510
3.825232
1.837255
-1.375467
-0.204332
-1.758505
1.250957
2.506113
2.663988
-0.032808
4.503389
3.601717
5.361149
4.387918
4.566099
-1.506193
-2.046032
2.075087
0.459764
0.556314
0.174699
0.723889
0.789422
1.566024
-1.028453
1.648801
1.820828
0.417012
1.383607
-0.307889
1.205585
-1.915039
3.336259
5.961924
5.982151
4.213296
-0.499356
1.341635
3.058297
7.376929
6.931383
6.620141
1.445145
-1.993134
-0.972127
5.993614
9.627007
7.138469
2.549799
6.989070
1.488441
-0.278803
4.239743
3.701701
7.737460
2.887343
2.696619
2.031999
-3.727334
2.023102
0.172859
2.645824
0.217216
1.914283
-0.660776
-0.699954
-1.176217
1.733300
0.361094
0.460494
0.510654
-0.911372
0.160820
0.471235
0.842052
0.903981
1.190561
0.866751
0.562838
-0.129556
0.371399
-1.154070
-0.655260
-0.195762
0.109013
-0.116014
-0.477299
-0.284811
-1.648888
-4.098339
-3.556764
-0.539702
-1.642922
-1.266581
-0.638890
-1.632617
-3.168870
-3.470719
-0.698442
0.024754
-0.820630
-0.137368
-0.643682
0.586125
-1.324099
-1.227397
0.816065
-0.008966
1.424264
0.592470
1.713797
0.158099
0.406087
-1.783924
5.876038
-0.666660
0.884176
1.782363
1.742425
0.467647
2.026593
-1.663137
1.407792
-1.087824
0.225730
0.315343
-0.149379
-0.383800
0.830245
-0.321391
-2.559988
-0.314331
-2.827122
-0.996917
0.249958
0.604303
-0.980829
-8.638123
-10.194145
-7.386741
-2.824972
-0.292651
1.459407
0.520268
-5.434754
-5.882829
-6.443302
-3.336329
-0.589513
-0.410570
1.528967
-4.533692
1.955410
0.334678
0.081899
-0.593126
2.397847
1.082855
-0.107759
1.604764
1.560447
1.894867
1.211539
2.067116
-1.004493
1.085559
0.510755
0.708918
0.390149
-0.331808
-0.261072
0.257553
1.206484
0.603306
1.206028
0.609946
-0.020639
-0.281083
0.038443
1.381229
0.137955
1.823581
1.124668
0.670084
0.984272
0.520952
0.466007
-0.840325
0.137083
-0.935262
-1.645681
0.554209
2.728618
1.620062
5.391429
4.707597
2.679682
-0.580100
0.210717
0.458168
-0.571409
4.124249
1.319399
2.775193
-0.338162
-0.957382
-2.186771
-2.548299
-0.713482
-1.417418
0.633418
-2.755443
7.685967
-0.758876
0.711637
-1.737527
-1.224723
-0.687649
1.761091
-1.623913
0.580013
-0.264538
-1.186681
-0.696346
-1.334990
-2.270223
-0.393380
0.649362
-5.984262
-4.096930
-5.062700
-2.295580
-1.984420
-2.108419
-0.229337
-5.252501
-4.086682
-4.066426
-3.297527
-1.591945
-1.856347
0.146626
-0.555548
-0.501216
-2.215908
-2.784150
-1.726668
-1.531648
1.114106
2.127877
3.518007
1.799170
0.494174
-0.864080
-1.122336
-2.085525
-0.163581
-1.300086
-0.338513
-0.887907
-0.489861
-1.108115
1.189603
-0.451214
0.035562
0.029978
0.096426
-0.146991
0.564543
-0.046948
-1.407926
-0.342408
-0.622777
-1.001052
-0.093981
-0.648542
-0.514207
-1.612055
-2.105964
-1.542993
-0.886766
-0.338321
-1.730313
-0.536603
-4.064061
-3.075338
-4.135520
-1.093108
-0.814536
-1.609067
-0.700729
-0.702235
-0.311771
-2.417380
0.362127
-1.023670
-0.465723
-0.254583
-1.535009
-1.111622
-2.301556
-0.979449
-0.940045
-0.849114
-0.948543
-1.649262
-1.815677
-1.906108
-1.110197
-0.604967
-10.289021
-2.958098
-5.262767
-2.138511
-2.986672
-2.679548
-5.260542
-1.086689
-3.530261
-0.863511
1.416212
1.269102
-0.242411
-0.221518
-3.357021
-1.655951
2.811321
2.471937
6.210039
2.045284
0.705250
-0.590889
0.923143
-1.182833
-4.920718
-4.181211
0.498203
2.443159
-2.466124
1.199663
0.588766
-4.443208
-2.902363
0.791796
3.559505
-0.119760
2.405746
2.004612
-0.592673
0.098904
2.017700
3.313082
-5.201183
-0.465708
0.937487
0.863977
0.749075
1.492762
-0.182315
-6.168652
-3.383848
1.160560
-1.147512
-0.415987
-1.336447
-0.932600
-2.113882
0.289534
-0.341158
0.398630
0.827264
-0.791246
-1.562661
0.764879
-1.989910
3.170207
2.877310
3.834908
2.013257
0.345690
0.098725
1.036394
0.590673
0.580559
1.974878
0.062311
-0.413275
0.980688
1.412387
-1.273428
-2.424300
2.138456
3.221539
-0.877357
-1.911937
1.531921
-0.152723
3.026815
1.850714
2.625474
-1.830633
-1.223363
1.025311
-1.289868
1.332802
-0.408495
-0.819290
-2.777378
-1.878994
1.041542
-2.120979
-1.772913
-1.907228
-1.755177
-2.830428
1.125030
-1.978753
-2.836695
-4.036274
-3.549446
-2.533286
-2.388094
-0.972028
-3.045206
-2.153248
-0.091657
-0.281824
-3.893977
-2.282513
-0.134554
-4.427761
-2.398323
3.831198
1.070390
-1.524392
-0.926008
-0.809385
-3.043572
-0.557006
-1.487934
-1.941984
-1.133782
-2.099123
-0.814929
-1.998373
-1.319969
-2.660051
-1.397078
-2.105470
-1.965944
-1.584876
-0.772654
0.269579
-0.332905
0.902568
-1.490048
0.711699
0.609675
1.443350
-0.209980
-0.038898
-0.406296
-0.119920
1.110188
1.620690
-0.130646
-2.225116
-0.581326
-1.241914
-1.765808
0.056925
-0.856177
-1.248835
-2.612237
1.628954
-0.960934
-2.009455
-0.182046
-0.191828
0.069406
-1.242456
0.332801
-1.478534
0.844009
-0.760690
0.167509
-0.641316
0.664858
0.580763
-0.982115
-1.048727
-1.203102
0.640269
-1.290421
-1.396685
1.804932
-1.184934
-1.310903
-0.220226
0.633599
0.330819
-1.553174
-0.102615
-1.709633
-1.011975
0.829536
-0.929497
1.197729
-0.861561
-1.341272
-1.451353
0.492203
-4.089443
0.661423
-1.898724
0.151964
0.216793
0.831648
0.837418
-3.203465
-0.301140
1.418400
0.040260
-3.141880
-1.993246
4.563026
0.396673
-1.130993
0.611038
-0.360014
-6.440655
-4.685730
3.200024
-0.833302
-1.696623
1.848103
3.363564
-5.003876
-2.568829
3.554562
0.653091
-1.360935
1.301840
0.134823
-2.446442
-2.083490
4.069958
0.077911
-1.868496
-1.119684
-0.252411
-0.296711
-1.611759
-0.464958
-5.603600
2.440172
0.217862
0.334171
-0.392774
-0.065698
0.116391
2.150803
1.349137
0.155160
-1.014040
-0.999255
-0.926798
-0.336450
0.682582
0.112334
-0.473953
0.250375
0.486427
0.135042
0.386369
0.764088
-0.185367
-0.499876
3.500987
4.881701
4.223310
1.563210
0.179988
-0.666347
-2.169936
-0.080323
2.374011
3.021746
-0.729620
-0.942572
-0.644415
-0.649899
-0.311505
1.277949
2.699054
0.149258
-0.811104
0.234960
-0.399076
-1.886848
-2.147005
-0.980769
-0.396690
-0.075506
-2.345574
0.978370
-0.060099
-0.677962
-0.230355
0.201193
-0.084445
1.912031
1.660291
0.424838
0.371710
0.990962
-0.132401
2.123748
0.364534
1.604160
0.000463
-0.400184
-0.323809
0.707807
2.472177
0.883689
-1.251759
0.763835
4.058435
3.453220
-3.260800
1.122804
1.457748
-0.807323
1.798541
2.544448
3.703929
-2.413651
2.508168
2.098030
0.333794
0.089583
1.273084
2.544779
-0.060154
2.503770
1.487863
3.000515
1.113184
1.273312
2.422645
2.463768
2.606750
-5.343810
-0.209568
-3.601199
-1.407884
-2.010473
-2.421372
-1.468426
-0.075850
-1.204194
-2.715380
-2.746385
-3.619976
-1.679805
-2.549386
-4.497047
0.570514
-3.141884
1.977857
1.136793
-2.892434
-1.704891
-3.236461
-1.067935
-2.949515
1.115171
-0.287061
-2.727511
-1.605260
-2.570419
-2.623288
-1.339817
6.482045
3.146907
-2.914805
-1.274668
-2.722882
-2.946374
-4.748203
-2.294997
-2.044733
-4.551887
-3.163858
-3.715077
0.095462
-2.936989
-1.781927
-3.129214
-1.588802
1.264750
-10.956413
-3.347966
-8.123032
-5.146849
-5.217424
-5.853241
-6.653566
-3.684598
-3.701209
-3.323636
-1.338956
-1.537512
-3.299131
-4.916045
-5.093323
0.027758
0.361132
1.589756
0.643608
-0.715654
-1.052492
-2.915642
0.598896
1.869407
-0.178643
-0.590429
1.849652
0.217002
-3.873472
-0.193186
1.583665
-2.238244
-3.104878
0.831886
0.490492
-3.870760
0.601434
0.454776
1.033161
2.488677
2.726885
-0.160327
-5.743365
0.611016
-0.249062
3.239687
1.845976
0.593757
-3.325450
0.050922
1.164135
-0.018949
-0.654962
-1.006704
0.175444
-0.636566
1.499296
-3.283670
-1.153357
0.459788
0.591150
-2.269184
0.712367
0.215748
-1.091237
0.443433
-0.085384
0.807020
-0.849655
-0.380726
1.681080
-1.284037
-0.672986
-0.684383
-0.025727
-0.031981
0.750590
1.703548
-2.522896
-4.040707
-4.989856
-3.954789
-2.641948
0.361644
1.644204
-2.905123
-1.391513
-4.333387
-0.787688
-1.398639
2.329032
-1.751569
-0.247445
0.298836
-1.382988
0.257974
-0.381873
-3.477760
3.622266
0.238625
1.053936
0.565231
0.838464
0.511074
1.687778
0.278634
-0.162508
-0.272037
0.026226
-0.213692
-0.446887
0.386429
0.017903
0.888108
-0.198682
2.827079
1.260322
0.146416
-0.528319
0.115396
0.534041
0.259924
1.768314
1.691776
0.651606
-0.717636
0.382296
-1.138512
-1.513159
-1.183439
-0.272664
-0.461304
-0.815680
-0.770315
-1.306369
2.211915
0.648123
-0.718371
-0.569806
-0.542148
-0.046477
-1.252546
-1.093358
-0.388464
-0.629078
-1.018449
-0.792825
-12.585240
0.295185
1.263147
0.271128
0.969285
-0.022265
1.378324
-1.611621
2.687031
-4.059387
-5.325914
-3.163512
-0.516127
1.224595
1.897146
-0.960375
-3.648854
-5.344539
-1.892484
-6.622327
1.580942
2.985366
-1.174337
-2.930316
-6.377982
0.478761
-0.862800
6.295035
4.389583
-0.744383
-5.700311
-10.990287
-5.577165
-3.192699
3.624699
1.414033
-3.544331
-5.008938
-5.916074
-2.404159
-6.985438
-0.456256
1.595762
1.540724
0.396226
-2.518314
-1.918990
-2.211059
4.140121
-4.336932
-2.507444
-4.085867
-3.033052
-3.283460
-4.735994
-4.709029
2.056633
-3.689907
0.925999
1.044192
1.354809
-1.035007
-3.361970
-0.803959
0.944502
4.311635
1.287936
4.871614
1.970813
-1.873748
-1.933381
0.244656
5.762520
2.243401
4.170264
1.025273
-4.133580
-0.606268
2.128737
2.951920
1.240930
-0.109545
2.892834
0.950268
-0.625136
0.538877
0.160781
-1.468458
-3.008833
-2.857773
-1.339429
-3.268391
-2.225158
-2.248872
1.832852
0.080079
-0.985488
-0.207539
1.018993
-1.154443
-0.951038
-1.334947
-0.909591
-1.659685
-1.240331
-1.102627
0.400281
0.699284
1.989484
1.681766
-0.765820
-1.784424
-0.192577
0.993574
-0.205462
0.554612
0.691297
-0.573747
-1.057936
-1.148343
-1.140511
-3.571763
-3.130071
-2.817542
-2.850504
-2.161592
-0.040801
-0.099155
-0.909296
0.553577
-0.187415
-3.132745
-2.253293
-0.673692
0.772265
-1.415181
0.869819
-0.304040
-0.385287
-1.469094
-0.948410
-0.622500
-0.786787
-0.580248
-0.660446
-0.713006
-1.914216
-5.026708
-1.756809
-1.702161
-1.764723
-1.760322
-0.485368
-1.581198
-1.079052
-4.042848
1.623136
1.698837
1.966432
0.945464
-0.595666
-0.732494
0.656176
2.218781
-1.145243
0.471342
3.524157
0.389558
0.049262
1.004221
-2.050119
-4.787164
-3.178626
1.235448
1.114781
-0.865725
2.717429
-3.283124
-7.724793
-6.972203
1.191560
1.794420
1.144162
4.105369
2.652786
-1.722411
-0.961553
4.521830
4.126748
-1.366989
2.496210
1.744550
2.248744
1.983397
3.487230
-3.099229
-2.289678
3.048650
0.739267
-0.531016
-0.223890
0.277999
2.474038
1.943673
2.463370
-0.432952
-0.117080
-0.444005
-0.762561
1.883424
0.823927
0.406710
0.260291
3.346248
2.025900
-1.179231
0.715394
-0.579634
0.312725
-0.708640
-1.170564
0.206173
-1.633311
0.010256
-0.142319
-0.796657
-0.331185
1.931309
2.187084
-1.587228
0.284695
1.467144
0.551000
1.004644
-0.341915
1.162819
0.981272
2.019412
1.762055
1.274549
0.291476
-1.132281
-0.839810
0.272959
2.267979
-1.238094
-2.106870
1.164334
0.696623
0.871554
0.157762
0.918986
-3.137337
0.902773
-0.597147
2.271495
1.886969
-0.960284
0.681202
0.371150
2.469699
0.600351
5.934395
2.243724
-2.018309
2.046728
2.246370
1.812924
-4.986102
-5.454476
-3.039581
2.963601
6.935005
3.228100
1.034368
-0.056964
3.136128
-0.259638
-0.866603
4.642902
0.878837
1.715291
-1.676505
0.564690
-0.070515
0.739655
-0.543396
4.081645
1.621215
2.910664
1.005435
2.702396
-0.608240
3.559189
-0.972835
0.051206
0.271657
1.049861
0.660076
0.404704
0.679954
-0.982850
1.593427
0.233024
2.507106
1.590013
-0.142286
0.919446
-0.110262
1.177276
0.830050
0.943067
-0.708066
-0.458271
-0.045982
-0.308317
0.525641
-4.103288
-0.349595
-2.751475
-0.749316
0.329352
1.536185
0.287713
-4.617955
-0.940646
-2.757195
-0.872518
-0.630906
2.367700
-0.829869
-3.171193
1.870028
-0.999576
-1.734564
0.303756
1.342380
2.193809
0.695073
2.337581
1.059398
1.268764
3.205525
-1.798612
1.162718
1.221055
1.025200
1.194731
1.311046
1.445353
1.633665
0.354738
0.742834
-0.097513
0.326496
0.828923
0.929842
0.770415
0.666255
-0.164171
1.122999
0.589759
0.985626
0.587542
0.409714
0.907771
-1.328795
0.541679
-2.296936
0.207819
-0.663483
-0.014432
0.988542
-1.719601
1.902523
-1.422873
0.212629
0.143207
1.241524
0.860627
-0.412753
0.586406
-0.103167
0.778856
1.179049
-0.110037
0.948139
-0.472560
-0.602144
-0.515970
-0.286777
-1.298027
2.778665
-0.068559
-0.636921
-0.585186
-0.579151
-0.846569
0.156044
0.083394
1.110257
0.568885
0.563966
0.457481
-0.130432
-1.782300
-0.555711
2.113678
1.574674
0.912826
-0.421017
0.741997
-1.385348
0.007627
2.511811
0.476278
3.179112
1.059167
0.183199
0.960757
0.142191
0.734596
-0.050727
3.838170
2.688255
-1.234513
0.643413
-0.076560
1.044504
1.171896
1.537280
-0.265022
0.293788
-0.628806
0.879089
0.021040
1.255798
0.317995
0.116931
-0.220221
0.467179
-2.297712
0.495065
-3.082995
-0.362503
-0.323979
-1.197517
-0.728859
0.279742
-1.038754
-0.473447
1.610881
1.449739
0.348571
0.031224
-0.366843
0.073121
1.951631
6.945422
4.782336
1.785285
1.034290
1.079009
-0.173343
3.014123
12.473687
5.583749
1.174814
-0.562124
0.207946
0.924445
2.315219
1.675690
1.373834
1.815445
-0.132610
-0.858171
-0.640968
1.507517
-0.929442
-0.221395
-0.000461
-1.566638
-1.324775
-1.070434
-0.202553
1.237554
0.094157
1.057425
1.055558
-1.314453
0.343423
-0.648798
0.049893
-0.068773
-0.616391
-0.600701
-0.198868
-0.092148
0.443755
-0.312776
-0.049617
-0.357822
0.005175
-1.091756
-0.657656
-0.054671
-2.233143
-0.441528
-0.628102
-0.048919
-0.663880
-0.893587
0.400091
-1.374011
0.503704
-0.219324
0.376230
-0.317861
-0.665857
-0.478928
-2.779916
-1.808974
-1.000173
0.287838
0.329082
-0.351061
-1.188678
-1.159902
-0.561804
0.315763
-0.092325
-0.728711
-0.081806
0.609064
0.502446
0.709367
0.124193
-0.652120
0.478750
0.986907
-1.115180
-0.452435
-0.281625
-0.298626
-0.165590
1.401945
1.572784
-1.058969
-1.437109
-0.552327
0.328158
0.715157
-0.042035
0.585472
-2.004227
-0.684918
-2.683064
-0.236462
-0.296342
-0.117313
0.510166
-3.848706
-3.329487
-5.406362
-1.187183
-0.783530
0.295033
-0.519667
-3.620401
-2.865115
-3.450036
-1.096770
-0.897463
0.344119
0.888827
-1.468521
-2.949298
-3.605516
-1.304657
0.221662
-0.123508
0.174438
-1.724099
-0.953434
-1.650353
-0.750153
-0.787960
-4.865787
1.728969
0.154033
1.144348
1.060112
0.779988
-0.380250
3.813557
2.557496
1.111776
2.419465
1.514143
0.813295
2.058132
2.568069
1.933664
-0.728930
-0.388394
-0.549828
-0.627699
0.661739
2.098022
1.347187
-0.666505
-0.323290
-0.934944
-0.086051
0.633883
1.107695
-0.382006
-0.063070
3.519807
2.541707
0.726300
-0.874227
2.298265
-0.527591
0.594564
1.885102
2.007483
-0.163552
-0.351988
1.117534
0.307890
-0.943915
-1.459883
-0.691967
0.742727
0.150036
1.982382
0.768772
0.835818
0.368490
0.385572
0.500011
0.603962
0.619208
-0.609441
0.055441
-0.188535
-0.440143
-0.280208
-0.816417
0.761645
-0.904869
0.739486
1.548913
1.361920
0.160544
-0.674959
1.076079
-0.267236
-0.143913
1.032693
-0.866843
0.308135
-0.186639
1.062175
0.617468
3.627492
2.307512
2.368420
2.774711
0.506479
-0.035919
0.217113
1.386608
1.146406
0.585778
0.655102
0.419831
0.011517
-0.450876
0.842141
0.180507
-0.240741
-0.160084
-1.100004
-0.004957
-1.566442
-0.964721
-1.329696
-1.616387
-0.253417
0.583221
-2.790580
-2.537321
-0.383501
0.803294
0.176044
-1.968443
1.981386
-1.614219
-1.306441
-0.069594
2.006516
3.173822
-1.892046
1.168490
-2.699439
1.159955
2.355448
-1.617964
0.503731
2.674945
1.003046
-3.758996
-1.035058
0.086916
-3.721426
-0.392483
0.757893
-0.041710
-1.206506
-0.584828
-1.188441
-2.321416
-1.550594
-1.473281
1.992008
0.325712
1.840459
0.228644
0.435999
0.740819
0.376611
0.750441
-2.785827
-0.442575
-3.002426
-2.177344
-1.811223
-2.435157
-4.294116
-0.176180
-3.073013
2.229053
1.714515
1.585414
-0.292156
-2.482117
-2.006075
1.234278
5.710163
3.268713
2.307490
3.825056
1.305344
-1.121492
0.054584
-0.716307
-4.416397
-1.194480
-0.636092
2.027425
-2.484636
4.387567
2.416373
-3.788950
-3.403876
1.537899
3.106381
-1.879389
1.691620
-1.457568
-1.237465
-1.908906
0.888237
0.321227
-5.495921
-2.285026
2.873693
2.177223
1.850573
-0.135879
-4.438731
1.902785
0.853816
1.263226
0.791913
0.904201
1.187194
0.650539
1.413951
0.220067
1.032361
1.018886
1.329601
1.639232
0.624594
1.228648
-0.562712
0.190000
-1.412101
-0.175513
-0.453553
0.807946
0.604861
-0.154193
0.325853
-1.014607
-0.214417
0.750347
0.529999
1.937627
-1.664744
-0.749681
-0.379622
1.371754
-1.070375
-0.328209
0.627155
-2.019030
-2.669642
-2.816686
-2.251556
-1.140809
-2.217250
1.680336
-0.768566
1.101088
0.513040
0.528260
-0.141037
1.223732
-2.814759
-3.178371
-4.360849
-3.586749
-4.750571
-3.243481
-0.163052
-4.990068
-5.450631
-2.712641
1.466571
2.474022
-4.213683
3.744066
-8.986411
1.039553
1.429773
-0.477393
0.328684
0.555692
2.025042
-2.122052
7.392584
-1.141078
-12.154811
-6.754456
0.609800
7.829800
-6.402181
3.223261
0.443772
-8.238824
-5.412108
1.320043
7.544522
-0.144653
2.246130
3.103019
-1.959522
0.236674
2.449800
9.670104
-6.416321
-0.007878
1.051001
1.017634
0.685661
3.203856
-7.743842
1.748671
-0.865401
0.423803
0.847531
1.516719
1.043986
-0.452502
-0.407981
1.973772
-0.198735
-1.202791
-1.291543
0.460481
3.113975
0.039961
2.043377
-1.811306
-0.639630
-0.761325
-1.500691
2.931942
0.178330
-1.009839
-1.535334
-0.596117
1.018329
-2.951902
-0.337523
0.230010
0.037958
-0.851798
1.601589
2.304426
-1.294333
0.776260
-0.858241
-3.589425
-4.244768
-3.530193
-3.098596
-3.341246
-2.028980
1.153671
-2.249577
-1.874575
-0.022119
-3.307754
-3.472690
1.568020
4.800933
2.098685
3.596884
2.104925
2.591799
2.984230
3.383301
2.235395
0.599828
-1.293504
2.142147
1.439000
1.010189
2.562684
2.421312
0.026681
-2.723430
0.973719
0.708266
-0.167883
2.027984
0.370494
0.316647
-4.218710
-1.170001
0.194931
-2.103196
-0.201253
1.411862
0.165469
-2.208977
-2.126359
-0.383575
-1.456757
-0.154927
0.314692
-0.616928
-1.099239
-2.904255
-2.042933
1.332839
0.866203
2.893712
1.180047
0.021374
-0.500086
-0.140795
2.014234
-0.259733
2.170041
2.256555
-1.914654
-2.119031
-1.973165
-0.905129
0.700954
2.340637
-0.152411
-0.739353
-0.162607
-0.398772
-0.036302
-3.259319
-0.859308
-2.752705
-1.804561
-4.474942
-3.299935
-1.740735
-2.497018
-0.492174
-2.388908
2.229097
4.430114
4.346661
-1.436172
-1.471898
0.398293
-3.971281
0.790951
-1.168097
0.586720
-0.821195
-1.952066
-0.713409
-2.014314
-0.821372
-2.234709
-0.964835
0.310833
-2.630356
0.392694
-1.998100
-1.758723
-2.322495
-1.580857
0.976079
-0.966608
5.861917
-1.066692
1.151884
0.050123
0.623628
0.262466
2.289170
1.527621
0.643451
-0.975836
-1.928985
-0.986503
-1.038357
-0.265722
-0.304460
0.053021
-1.848134
-0.147551
-0.004918
-2.303947
-0.482723
-1.659424
-1.181808
-1.289386
2.146600
1.120543
-2.540331
-1.974224
-0.608078
-0.216593
-1.543640
2.079627
0.186541
-0.555838
0.088085
-1.009135
-0.215466
-0.249507
0.374085
-0.017324
-0.082176
-0.088681
2.058408
-0.311839
0.394036
0.519292
0.369668
-0.436225
1.272449
6.138034
-3.215843
2.435529
1.950575
2.141688
0.671156
3.495810
-3.277444
-0.128865
-0.207910
-0.692836
0.370757
-0.769315
0.842761
-0.466760
0.047044
2.334003
0.383162
0.783889
-0.649776
1.590095
-0.119249
-1.672784
2.813249
-3.108838
2.518380
0.482467
2.149866
0.716101
-2.472044
1.935307
-1.355222
4.886440
-1.027414
1.284392
0.127630
-3.007586
0.914347
-1.316212
-0.116724
-3.066169
-1.387035
3.363076
-0.547868
-0.127882
1.153528
0.023653
-1.404166
2.375075
0.809562
1.525593
1.844544
0.187048
0.350398
1.344822
2.624650
3.801781
0.833823
-1.969378
-1.889806
-0.307734
-2.835238
3.296729
1.978793
0.212519
-0.634246
1.819996
3.376698
-2.478889
1.154570
1.845534
1.113420
4.712914
0.770247
4.819601
-0.368573
2.187916
2.984241
-2.079438
-3.419344
-8.044292
-4.759257
-0.200531
0.963050
2.810086
0.061916
2.174281
-0.908774
1.088957
1.074109
3.184143
3.301431
2.833661
2.443481
2.373510
1.559370
2.478807
3.277383
0.924103
-0.359903
0.053046
-0.859171
-0.731760
0.291816
-1.428429
-0.906981
0.931235
1.387307
1.463311
1.134923
2.154072
-0.910395
0.431881
1.066575
-0.981691
-0.175951
-0.976449
0.560746
-0.365193
0.391861
0.762410
-0.925906
2.001911
-0.619124
0.906796
0.767849
1.424831
0.526019
-1.618243
-0.984884
-1.859286
0.398134
-0.190216
0.489160
1.541842
0.101864
0.096626
0.306425
1.143785
0.260792
0.654365
1.070273
1.358349
1.062411
1.220510
0.990047
-1.428329
-0.548871
0.500942
-0.062976
-0.596035
-0.426780
-0.358440
0.702664
-0.165121
0.456651
1.005179
-0.618532
-1.066699
0.541821
-0.574983
-0.622653
-2.328894
-1.170287
-1.621325
-2.388546
-0.777172
-2.476713
0.332771
-1.780787
-0.608296
2.653718
2.000598
-2.451976
-1.692425
0.737681
-0.414988
-0.166898
2.892637
1.607589
-1.897253
-1.714440
0.313308
0.271600
-1.970484
0.025117
0.816735
-0.060067
-0.363574
0.170426
-1.064250
-0.342116
-1.752387
-0.472515
-0.996983
-0.986390
0.359614
-0.921482
-0.134850
-0.165365
-0.309616
-0.385788
-0.422935
-0.455477
-0.411653
0.726196
-0.317106
-0.383068
-0.308814
-0.575602
0.595556
0.482528
1.498274
-2.199440
-1.140230
1.724268
0.533060
0.999252
-0.238753
0.272802
-1.486496
0.753988
-1.229263
-0.513706
0.421995
0.737221
0.609816
0.022533
0.428880
0.213557
-0.082150
0.480851
0.327528
0.048133
0.677672
-0.412146
0.446360
-0.574932
0.413332
0.526239
0.025278
0.135348
-0.846732
-0.436205
0.394629
-1.674495
-1.176987
-0.812102
-1.153057
-1.147588
-1.195904
-0.711562
-2.673013
-0.984925
-0.298958
0.120292
0.144563
-0.123669
-0.616549
0.101219
0.271881
0.145225
2.015219
1.443856
1.282136
1.234380
-0.222575
0.558791
-0.202189
-0.524941
-1.849821
1.247388
1.339810
-0.047542
1.417933
-0.201272
-0.241048
-1.147429
1.379195
2.095408
-1.336518
-0.053815
1.391472
-0.055451
0.820700
0.547735
0.792212
-0.452699
0.114753
0.128162
0.779513
0.591318
0.312570
0.696227
3.052945
0.306534
0.895938
-0.276480
-0.008487
0.056494
2.723338
1.933197
2.496697
0.429438
0.432922
0.891366
1.362942
-0.024206
2.054345
1.013076
-1.225735
1.819130
1.359937
-0.734902
-1.177521
0.916593
1.144961
-1.030359
1.012659
2.195789
-0.087192
-1.389245
1.471849
-0.738421
-3.516052
-2.458627
-0.870155
-0.854316
-1.874827
1.154821
-0.000953
1.243400
-0.123947
0.796482
0.526294
-1.053740
1.907181
0.021435
0.705681
1.351104
1.135704
-0.539334
1.157584
-2.204452
-0.111771
-1.543387
-1.809885
-1.707366
-2.435265
-2.041190
-0.442973
3.852695
-0.176799
1.693416
1.576365
1.056240
1.109228
0.424326
2.343929
-3.896944
-5.256611
-4.629456
-2.204205
-0.073035
-0.836473
0.038496
-6.943640
-8.018539
-9.504848
-2.549402
0.497820
-0.422969
-2.464218
-5.013748
-6.007479
-7.107620
-4.472456
-0.237893
-1.106380
0.249137
-0.306188
0.329557
2.273525
1.216527
-0.012391
0.759168
1.207247
0.109436
-1.491569
1.338653
0.852506
-0.502553
-3.053758
-0.198199
0.609957
1.342433
1.563842
0.825984
-0.315879
-2.491284
-0.560727
1.806647
1.481466
1.920062
0.172132
0.450781
1.219022
1.804721
1.756815
-0.822730
-0.827520
3.188510
2.522176
1.020057
1.356913
-0.913259
-6.023109
-0.917423
-0.165817
1.756102
1.214912
0.277043
-1.314243
-4.256078
0.653340
-0.708544
4.014735
0.611809
2.247380
1.121794
-1.610168
0.124979
2.293476
4.660583
0.810122
3.026376
3.114638
2.361846
2.368238
3.296674
-1.650280
-10.840128
-4.185698
-4.904855
-4.316186
-4.270190
-3.875800
-4.928139
-2.153498
-0.368869
-1.617806
-0.285696
0.095762
-1.580104
1.154843
-1.102925
2.905255
0.571336
3.022833
2.585081
0.911748
1.871969
0.892643
3.076284
0.679560
4.052153
3.400905
2.669664
5.635176
0.844692
2.177957
-1.951030
-1.752235
-2.790178
1.551225
4.846561
-0.723131
1.272309
-2.059027
-2.370726
-4.058523
-0.723255
3.562279
-2.618010
2.915324
1.286373
2.285320
0.622705
1.271872
2.215046
-0.847495
-0.504316
-0.883785
-0.078074
-0.496421
-0.927301
0.318887
-0.394808
-1.359006
-2.182206
0.259322
0.035376
-1.607811
0.876561
-1.325356
0.380500
0.260188
0.125570
0.463614
0.043140
1.293397
-0.011483
0.856563
-3.607251
0.716073
-1.963873
0.499576
0.804502
0.454538
1.820709
1.968289
2.692929
1.627057
2.835906
1.639312
1.191311
0.029184
-0.858210
1.713135
1.591891
1.607114
1.957832
0.416527
1.385586
0.418669
1.531192
1.820933
1.452032
1.204711
9.072744
4.646074
2.954422
1.968903
2.384121
2.219433
5.159000
5.240620
-0.363656
-0.978908
-3.165233
-3.634609
-2.817123
0.549531
2.824113
-1.913627
-4.086494
-4.585714
-5.771819
-5.791021
0.471314
2.834781
-0.386180
1.856615
-0.474340
-3.628737
-1.860094
1.137706
1.605727
-2.580131
-2.962398
0.074556
-2.442476
-1.035717
-1.024244
2.145941
-1.786048
-0.021218
-3.989593
-3.274644
-1.756865
-0.489216
4.320354
-1.143417
-1.831431
-3.625624
-2.880841
-2.324170
1.343828
4.997904
-0.671209
1.744825
-0.776752
-0.151437
0.468229
-0.556266
2.265135
3.504095
2.796071
2.498721
2.342824
3.180798
2.140983
2.676481
1.173899
-0.600436
-2.720510
-3.397479
0.203378
1.716021
1.576534
-2.941993
-1.732243
0.642533
-1.189721
-2.234552
0.246739
4.699312
-1.349074
-2.493449
-0.780563
-2.214463
-3.097846
0.376149
2.703310
-1.044882
-1.091653
-5.288541
-2.389937
0.369722
0.465766
5.297153
1.300238
4.131566
0.085904
0.844747
0.874884
-0.801326
10.929327
0.485641
2.882772
-0.733313
0.460667
1.189614
5.344092
-0.906543
3.389168
0.174629
-0.300287
-0.542748
-1.650154
2.183710
2.209898
1.526700
-2.340152
-1.582867
-2.205480
-4.215376
2.908710
1.027914
0.594228
-1.214680
4.399565
2.347880
-2.716328
3.245821
2.980906
1.246223
0.725960
5.133787
2.417518
2.782653
1.491577
1.442323
-1.692191
-2.518968
5.107210
1.302917
-0.361984
-1.395707
4.922151
-0.064659
2.966733
3.518154
1.911115
-0.925197
2.155262
5.332621
-0.581213
1.792319
-0.408309
-0.001324
-0.468593
0.754954
0.225928
-0.122767
-0.300242
1.228814
0.998578
-1.393076
-0.562212
0.465130
-0.060506
-1.552932
1.535005
0.459912
-2.231371
-0.544154
-0.206879
-0.712674
-1.621926
6.227457
1.955319
-1.456303
-0.911924
0.614635
-1.581916
1.118723
5.347842
2.599389
-0.401918
-1.476347
-1.810242
-1.173369
1.191628
2.057938
2.195297
-0.547105
-1.415338
-0.867571
-1.818284
0.679376
-0.828862
1.242917
0.137951
-1.384041
-0.902293
1.651437
-0.138135
0.033412
0.116510
-0.073496
0.613379
0.615672
2.409768
-0.388116
0.418850
0.236072
0.902802
0.838574
-0.906661
0.205245
0.440000
-0.813066
0.815259
3.362662
-0.444026
-0.608582
1.730015
1.817994
-6.334307
-2.422948
2.218863
0.494525
-1.300518
0.903637
0.538210
-6.479177
-2.124086
4.267158
1.064410
-0.746333
3.503005
1.215722
1.282435
0.714681
1.055759
1.540294
-0.856097
0.084213
0.701734
1.144711
1.605117
0.100150
-0.921027
-0.323163
-1.677897
0.768727
0.579951
0.268012
-0.885875
-0.237054
-3.642731
0.635631
0.177855
1.354384
1.168721
-1.171808
-1.298999
-1.938727
-0.040448
-1.337562
-0.486186
-0.875971
-0.375867
0.508771
-2.458545
-1.289564
-5.334435
-4.153197
-4.855153
-1.333558
-1.297205
-1.613377
-0.401864
-5.334462
-1.125934
-4.018073
-0.165263
-0.782569
-1.960518
-1.672813
-3.937437
0.482496
-1.719163
-1.374813
-1.956406
-1.743611
-1.255154
-2.512821
-0.133843
-0.651987
-1.534937
-1.157336
-3.202012
-1.266185
-0.984013
-0.303573
-0.592585
-0.446398
-0.243451
-1.286452
0.089068
-0.152472
-0.084499
0.061565
0.787579
0.615879
0.836381
-0.540834
-3.679219
-1.450296
-2.618515
0.173930
0.875289
1.292660
-0.868462
-6.375458
-5.418429
-6.275789
-1.331340
2.479986
0.792312
-1.297315
-5.117651
-3.705971
-6.471572
-3.429594
1.737409
1.201362
0.699616
-0.002214
-2.171995
-0.896034
-0.700538
2.799623
0.865240
0.147094
1.706740
0.845074
2.339418
1.259250
1.288432
-0.307911
-0.498809
1.433538
-0.529692
-0.091719
0.388254
0.666351
-0.180556
0.610260
2.006864
3.354183
3.386333
1.673737
0.723026
0.809094
1.031398
3.162642
0.799519
1.708508
2.524296
1.327075
0.181987
1.612754
0.417978
-2.348080
0.092556
1.056671
1.512932
0.299009
2.900547
4.055837
2.747304
2.086605
2.370606
2.848986
-0.336828
1.348028
1.144857
2.050984
1.171066
2.608041
0.942338
1.348509
0.558640
2.425469
2.806430
2.005087
1.780026
1.506444
3.869441
1.904198
0.549257
-1.699555
-1.462243
1.654987
0.523624
3.503832
2.700314
0.275538
0.219622
-0.100746
1.808580
0.945819
2.107101
-0.032472
2.817197
2.167221
1.167075
2.502370
-3.323917
-0.474052
-0.021653
-0.982968
-4.394211
-5.888867
2.844774
-2.430835
0.007939
-0.547653
-1.614247
-2.116390
-5.617738
3.341335
-4.344252
1.581109
1.479651
2.526976
2.672815
-0.016459
1.766018
-1.643898
2.346925
0.167720
-2.867455
-1.744361
-0.606069
0.059191
-0.818794
6.925112
-1.263951
7.149110
2.758494
3.711329
3.676167
10.047445
-0.823538
5.473005
-1.028230
2.279466
2.330000
-0.484994
4.330366
3.280597
0.037651
-2.580758
1.044848
-1.447376
-4.951219
-0.446756
4.522640
1.343885
1.577139
-1.163168
1.033836
-4.514423
3.893504
6.754759
-3.428219
-1.699420
-2.050886
-0.044902
-5.258447
1.409532
2.245522
-2.625708
-1.677564
-0.491338
-0.457831
-3.928484
1.415092
9.478422
0.339945
-0.008300
-1.762008
-1.496682
-1.633998
3.384802
-5.932278
-1.781957
-0.351986
1.155237
0.529959
0.454947
-0.835621
-0.914726
-1.367573
-0.258875
0.275557
-0.147062
-1.422350
-0.069056
-2.089665
-3.262879
1.978323
2.115801
3.457380
1.402027
-1.661872
-1.661013
-2.135190
1.598873
-4.630724
-0.335579
0.054342
-5.188959
-1.518200
-1.264589
-0.496204
0.638544
1.706512
1.758989
-3.062580
0.240671
0.128981
3.451742
0.140467
0.571846
0.756550
-0.294987
-3.766630
-2.015849
0.910707
3.283144
2.510773
-0.084980
-2.846678
-0.738075
0.719904
-0.153974
-0.105342
0.021169
0.248384
0.800492
1.450715
1.050430
0.410803
-0.457802
-0.049915
0.518446
2.274094
0.449453
1.098172
0.554887
-0.864908
0.084399
-0.894993
0.074717
-0.250867
0.755470
0.655087
-0.687024
0.525259
0.805273
0.699560
0.245658
-0.122909
0.207565
0.937904
1.761961
-0.904656
0.630490
0.521001
-0.930235
0.486405
0.214218
1.558628
-1.978890
1.332858
1.381169
1.342879
1.540498
1.444552
2.020832
1.585631
1.343185
0.399790
0.346043
-0.062853
-0.788249
-0.454378
0.070731
-1.196771
1.475844
-1.200457
0.943079
-0.558122
-0.725100
-0.555446
-2.500121
0.138820
-1.264169
-0.222749
-4.472286
-0.498514
-0.987496
-2.794255
0.921450
-0.774794
-2.260730
-1.036432
-0.437967
-0.533171
-3.177928
0.433172
1.374913
-0.046653
-3.647974
-3.260553
2.411002
-1.720521
0.934729
-0.090176
-0.009488
-1.219400
-1.206350
0.817343
-1.062546
0.024801
-1.410955
0.891373
1.438285
-0.395039
-0.522594
-2.290135
-2.384037
0.294587
-0.637754
-0.636549
-0.813378
-1.345123
-2.060624
-0.515858
-0.211631
-0.671907
-1.400809
-1.287117
-2.079632
0.464246
-1.003318
0.669029
-2.808619
3.206953
2.737542
-1.889884
1.410864
-1.007429
-0.963490
-3.018190
-0.257936
-2.516312
-0.917242
1.015938
-0.505833
-0.367041
1.616113
1.609458
-2.236478
0.103509
1.496274
-0.236585
-2.096065
0.012770
-0.239109
-1.630042
-1.168606
0.755338
-1.637479
-0.333136
1.321934
0.230070
0.932155
-0.265837
-1.084997
0.496426
-3.559775
0.140708
-0.407045
-0.467916
-0.551403
-0.114213
0.186761
3.909091
1.526558
0.589525
-0.624024
1.200124
-0.672117
0.745251
-0.428652
2.236677
-1.944540
-0.953858
-0.052638
-2.673139
1.755006
0.164112
-1.919943
-6.724347
-2.866797
-2.042621
-2.118213
0.846289
0.296820
0.921056
0.304829
2.716992
0.312371
-1.476552
-0.520090
0.929525
-1.329072
2.693073
0.725224
0.238321
-2.264141
1.868026
-0.446661
-3.187953
0.101735
-1.385847
-0.948137
2.236182
2.234084
-1.502635
0.675554
0.168485
0.337901
0.064568
-0.221747
-1.467896
0.319346
0.290677
0.761394
-0.155479
0.189609
-1.223168
0.033549
0.496341
-0.691432
0.368200
-0.363056
0.995481
-0.629807
-0.646681
0.097486
-3.011720
-2.057916
-1.659338
0.127616
-1.181718
-1.043623
0.118402
-1.799903
-0.281967
-1.286915
0.616074
-0.844678
-1.249303
-0.403705
-0.745542
-0.533477
-2.414563
-1.095157
-0.785866
-0.776474
-1.353354
0.507981
0.567286
-0.095761
-1.654944
-2.128898
-0.715446
-0.348725
-1.105422
-0.655810
-0.721536
-1.020074
-2.034497
-0.570923
-0.031412
0.309310
1.670360
1.596928
0.434237
-1.170097
-1.097480
2.327473
-0.101699
-0.728162
-0.420763
1.438694
0.814524
-1.714211
0.011598
-4.921825
-4.106406
-5.184646
-3.062150
-0.081603
-2.266075
1.044183
-1.575469
-1.929586
-2.634898
-0.738093
0.256205
-1.738903
0.732068
-0.601360
-0.117142
-2.716467
-0.005368
-1.551128
-2.618540
-1.300798
-0.955559
-0.653922
-0.867320
-0.181322
-2.760590
-3.125909
1.368719
-1.038303
-1.124653
-1.211117
-0.397493
-2.289438
1.111836
-0.645316
0.806534
0.458804
0.728774
0.111115
-0.583008
0.399847
0.213948
0.463317
-0.243328
0.240840
1.172819
0.740605
0.666455
0.611671
0.579579
-0.282743
1.225021
0.896343
1.136908
0.702330
0.530981
1.542563
-0.653787
0.420166
0.624749
1.088928
0.301131
1.100816
2.303349
0.033405
0.181975
1.221512
0.527289
-1.652173
-0.264026
0.405452
-0.026771
-0.813792
-0.378777
-2.549490
-0.358184
-0.681987
2.398478
2.459743
2.828203
2.150553
3.432673
-2.560469
0.074502
-0.267276
-0.456489
0.219785
0.324594
1.525124
-0.064558
-3.919665
-1.856062
-5.509085
-2.409707
-1.508245
-1.223447
-0.396425
-1.733103
-2.123751
-3.366631
0.604923
1.608238
0.861611
-0.141816
-2.715112
-1.786904
-1.376469
-0.093074
-2.938881
-1.324568
1.525045
-1.746898
-4.358131
-3.189670
-0.625636
-0.449079
-0.315859
2.971076
-0.474920
-0.064500
-0.715557
-0.970034
-1.036969
2.287391
3.586775
-0.000159
2.615397
1.273661
1.589466
2.235278
5.198395
-0.258765
1.467763
2.846171
-0.209309
0.259058
1.866500
3.298069
5.608087
1.600885
6.985717
-3.726191
0.722924
7.062702
3.498524
6.518134
3.789225
10.035118
-7.884123
1.505785
3.928228
5.098344
3.211112
5.578636
6.807536
-5.522069
2.352190
7.048956
5.068625
3.647421
4.906218
4.416542
0.345651
3.907370
4.638966
5.545269
2.086416
3.353817
-2.576612
-1.851472
-1.710888
4.131233
0.490308
4.671773
1.974896
0.319626
0.502441
0.749904
-0.020361
2.622518
-0.385787
0.647721
-0.988378
-0.820275
-1.066527
-1.339098
-1.046964
-0.464087
-1.455947
-0.570700
1.424075
0.713706
-3.034870
-2.526541
-0.119980
-1.696776
0.323304
3.731893
3.531074
-0.924982
-0.156646
1.419974
-1.193357
0.400202
3.713473
4.632928
-1.818594
-1.298957
0.242842
-1.933181
-0.936672
-0.871808
0.888390
-1.683403
-3.048336
2.001089
-0.766812
-0.225899
0.127717
1.089139
-1.042398
2.566805
5.393075
-0.476250
1.390833
0.283063
0.520182
1.401913
0.681643
-1.290138
-0.884501
-0.989388
-0.148571
-0.787541
-0.373569
-1.442916
0.729770
-0.669828
0.379186
4.776937
3.842457
0.078959
0.143633
0.029823
0.042011
1.204992
3.567253
4.608384
0.210030
0.243731
0.091846
1.287390
1.720591
3.250157
4.868910
0.226834
1.071060
-0.291100
-0.921803
0.425401
-1.107401
0.359999
-0.089047
-0.563648
1.413779
0.429210
2.986837
3.801848
2.298933
0.234074
-0.175785
-6.922178
2.102713
-0.093749
3.299970
2.394651
0.911401
-5.770746
0.187762
-1.821157
3.835855
1.968398
2.009827
1.257953
1.220523
0.032284
-0.480972
2.427057
2.917640
4.432040
3.721750
1.506392
2.381724
0.960618
6.561229
9.056238
7.060000
0.463223
-1.892485
2.238102
6.501517
7.328204
15.210008
12.806458
5.185961
3.814765
1.925128
1.383687
-1.020998
7.890495
5.068470
0.214677
3.203947
-3.848303
-1.221151
-2.731825
3.357288
0.448727
-2.677630
-5.209215
3.695874
1.165010
4.211210
2.922688
3.713451
3.855387
4.803872
2.749616
0.137811
0.277679
-1.950027
-1.960485
-1.563404
2.811031
1.912136
-3.472856
0.416712
-3.780582
-1.816012
-2.117746
-0.565966
2.164360
-2.682862
4.252864
-1.698165
2.678278
0.345966
0.482398
2.269823
-1.146741
-0.223188
0.154254
7.484867
3.176812
-0.216557
2.555978
-0.752285
-0.694973
-0.357337
2.014814
-2.121350
1.640404
4.846139
1.527274
-1.181023
-1.301843
-0.693978
-0.606097
5.161544
2.872289
-0.276481
0.618514
-1.402060
-0.911232
0.270108
1.322636
0.416846
1.150482
0.137740
0.889079
0.303689
-0.094680
1.290990
-0.227536
1.179672
0.573094
-0.920431
-1.582568
-0.665042
0.425624
-0.798793
1.043799
-2.380230
-3.804325
-4.703299
-0.310102
-0.000675
-0.179705
0.851867
-3.128051
-5.231853
-6.430717
1.190988
-0.507046
-0.260616
1.231256
0.088177
-0.415960
-2.390785
2.240290
1.032956
0.554676
1.652082
0.306021
0.590909
0.105328
1.703352
0.517335
-4.939063
0.829590
-3.003210
-1.474268
-1.869573
-3.008937
-3.992825
-1.632773
-1.097376
0.311956
3.283833
3.435786
-1.205760
-1.393704
-3.475813
0.726168
-0.611572
1.948762
1.682328
-1.499525
-2.932917
-0.065726
0.319007
0.715697
-1.022987
2.845418
1.960829
0.672420
-0.327169
-2.545574
-3.247210
-0.024934
-0.870343
-3.988393
0.457094
0.328184
1.116235
0.564077
0.790002
5.826997
1.127234
3.260044
-2.871205
0.312126
1.451675
-1.092250
3.402290
2.727029
-3.486755
0.953957
0.642361
3.553300
3.738333
3.792965
2.779892
2.083289
0.350585
0.944002
2.562007
0.748961
-0.602022
3.050334
0.755873
2.745547
-1.418158
0.027449
-2.228159
-2.492917
2.407729
-2.192413
3.188381
-0.878355
-3.927875
-2.677257
-5.871368
1.169022
-1.108048
3.926485
1.750478
-1.140238
1.137594
-2.000442
2.877342
0.111510
2.613575
0.332785
-2.077333
-0.052670
-1.766015
-0.891213
0.502343
3.620444
0.372691
-1.788449
-0.002415
0.403827
-1.012555
2.812498
-3.156729
0.804384
-2.227117
0.205554
-0.052952
-1.290910
-1.871878
-0.280027
0.125966
0.271484
0.164408
0.383872
0.420445
-1.129316
-1.307288
1.177357
-1.607708
-1.000809
-0.774487
-1.201520
-0.650540
-0.344685
0.558790
-1.766068
-2.134740
-0.370269
-0.828193
1.755182
0.011527
0.050187
-0.246864
-0.854177
0.117331
-1.906873
1.084096
0.344055
-0.366895
1.349640
-0.350672
1.597649
-1.007683
-0.392146
-1.863628
-0.531462
0.019938
-0.929383
-0.051469
-0.920178
0.500582
2.069310
1.341417
1.644920
1.785118
1.518881
1.997941
0.202743
0.622198
-2.127907
0.271445
0.007936
0.381385
-0.031526
0.758712
-0.080869
-1.075503
1.334805
-2.261120
0.196783
1.346949
-0.016982
-0.308419
-0.096495
1.785995
-3.724057
-1.373568
1.864034
-1.159365
-1.422428
1.468620
2.149636
-4.881017
-1.723274
1.854228
1.133492
0.138917
0.962150
1.809469
1.007810
1.358489
3.348600
1.842029
-0.621898
-0.908824
0.485341
1.393597
1.286098
0.657055
-1.547481
1.644731
-0.553878
0.891497
-1.238923
-1.404102
0.522906
1.275435
-0.073535
-2.265208
-0.268922
2.918613
1.372417
-1.815789
0.525289
-0.252035
-1.669444
0.928756
1.058339
2.111266
0.814301
-0.165844
-1.132413
0.195760
-2.269982
-3.531264
-0.841918
0.660375
-0.557339
-1.450598
1.344282
2.344458
-5.151404
-3.667117
2.432323
-0.788519
-0.659492
1.134856
2.070117
2.431638
1.755162
3.811976
1.027920
-0.722936
1.471723
2.257469
1.202543
0.260965
1.318898
-2.251536
-1.740759
0.212778
0.462593
0.609474
0.461796
0.298855
0.447814
0.815174
1.106572
-0.425577
-1.117163
-0.885641
-0.063626
0.761045
0.312999
0.148245
1.044536
-1.388762
-0.501855
-0.902934
-0.352300
0.436492
-0.056710
2.882498
4.691886
4.487323
0.534313
-0.904683
-0.459623
-0.430775
1.710639
1.192125
3.476035
-0.447300
-0.370411
-0.152159
-0.540648
0.307924
-0.866593
0.112764
-0.821570
-0.624632
-0.030085
-0.418526
-1.474916
-1.551060
-1.535571
-0.117471
0.854317
2.022579
0.455745
-0.243485
0.074166
-0.234519
-0.416722
0.506991
0.078921
-1.443872
-0.718761
0.322670
0.816792
-0.319938
0.709280
-0.757164
-0.109469
-1.237800
-2.170331
-1.167567
-0.985123
0.342611
-1.158009
-0.127541
-1.244647
-2.233831
-2.025420
-1.066600
-0.070890
-0.773436
-0.225048
0.876728
-1.699668
-2.128791
1.182195
-0.071336
-1.047061
-0.824240
-1.670927
-0.405653
-2.028387
0.253855
-0.438335
-0.531455
0.136888
1.224806
0.815404
0.644124
0.394771
0.272604
1.915156
-0.606590
1.417415
0.621003
0.897978
0.898312
0.587256
-0.249637
-0.543662
0.053318
-1.388811
-1.546102
0.397467
-0.183116
1.367258
-0.845889
0.651397
0.192911
-1.111040
-0.491547
-0.510148
1.618445
0.137436
-0.976444
-0.573512
-2.739583
0.944146
-0.404054
1.033797
0.319649
-0.859315
-2.117088
-2.624427
0.479219
0.297675
0.230991
-0.457983
-0.753147
-1.588699
-1.867552
-0.693964
0.668831
1.311721
0.154166
-0.285826
0.468956
0.088110
-0.615127
1.400224
1.614492
-1.490812
1.965837
0.966278
0.981905
0.313198
0.082994
-1.361172
1.611227
1.270920
3.466815
3.520803
0.280800
1.026455
0.946980
3.124556
3.084991
3.863863
5.174909
1.286572
2.620534
-0.764301
2.952892
3.226580
-2.636131
1.445663
1.558855
0.578482
-0.501209
2.451216
5.430205
-6.337576
-4.140980
1.927582
0.362036
0.101067
2.091542
2.991204
1.149516
-0.109081
0.675541
0.997814
0.022478
2.788197
-0.737400
0.318838
0.706261
2.677034
1.022556
2.585905
-0.411333
0.715467
0.708701
0.627140
0.828997
1.649120
0.072375
-0.251812
0.350281
-0.908501
-0.944542
0.362074
0.371559
1.036053
-0.439456
-0.897663
-1.796715
-0.643448
-0.276367
0.571547
0.902061
0.192029
0.300226
-3.152322
-0.364973
1.490963
0.881030
1.294451
0.429830
-0.480891
-1.203506
-0.274835
1.124449
1.047109
0.691349
-0.603824
0.360983
-0.695599
0.273016
-0.829584
0.197021
2.567634
0.857408
0.244331
0.704081
-0.320251
0.172138
2.489094
-1.767303
-0.682120
-0.843320
-0.526146
-0.446223
-0.375478
-1.047415
0.162656
0.834889
1.442674
0.199831
0.339581
1.610980
0.402684
-0.227513
0.411603
0.234933
-0.386089
1.161759
1.307165
0.404706
0.792187
0.827358
1.759962
1.102784
2.383753
0.019957
0.295795
0.506722
0.606775
0.278617
0.060018
1.715258
-0.076263
1.179955
0.676056
2.052089
-0.086990
0.701591
0.432963
0.787972
1.532444
-1.471992
1.593215
0.369864
1.772542
1.030603
1.561816
-0.291474
-3.045537
1.306439
-0.693871
0.081374
-0.005692
-1.185688
-0.168427
-0.396941
0.849492
-0.282934
0.711632
-0.242516
-1.045057
-0.143752
0.433508
-0.060179
-1.091418
-0.392203
-2.059719
-0.848047
1.329591
0.736629
-0.163933
-5.222923
-0.935990
-2.872274
-1.145483
0.786260
0.424190
1.860882
-2.201477
-1.288403
-0.739124
0.365373
0.938863
-0.705762
0.465328
0.003036
1.000989
-2.219270
-0.959083
0.244628
-0.286424
0.593538
1.436448
2.606538
0.574546
-0.178827
0.756330
-0.066138
-0.250832
0.066843
0.316377
0.245231
-0.558883
-0.213117
-1.882271
1.382253
0.146196
1.475575
1.404303
0.549945
-0.170735
0.722848
1.787831
-1.802606
1.848985
1.611564
-1.406019
-0.439969
0.375087
1.484461
0.697657
2.075975
1.738587
0.648600
0.388089
0.367880
-0.626373
-0.857050
1.092788
0.984483
-0.486383
-0.037080
0.334192
0.385866
0.547314
-0.485816
1.030389
0.378973
-0.771621
0.889700
-0.147325
0.558196
0.079561
1.055170
0.184284
-0.154072
3.117808
1.540297
1.730909
0.211508
0.603508
1.067358
2.830926
1.178359
-0.765412
-0.376207
-2.514543
-3.345723
-0.319674
0.073460
-1.014630
-3.253794
-3.546526
-1.762780
-3.911520
-2.161591
-1.967407
-0.912139
-3.128401
0.424031
4.795412
0.684695
-3.225249
-1.283657
-0.844971
-2.714259
-1.925868
-0.604521
-1.001638
-0.465298
-1.361037
-1.565894
-0.184712
1.033286
-3.302863
0.906415
-0.396379
-0.117660
-0.517280
0.467795
0.474361
-0.713432
0.457220
0.382065
1.234294
2.144824
1.926553
-0.190182
-0.857021
-0.914464
0.469770
1.130216
2.612350
-3.259625
0.604984
-0.485681
0.344396
-0.154987
0.121753
0.684434
-0.816416
2.217088
4.259748
5.114177
2.182973
-0.970613
2.669879
2.455083
4.966393
4.002667
5.141414
0.198939
2.036717
1.241590
0.589827
1.823806
1.965863
2.202657
0.500298
2.550336
1.736623
2.540772
4.287324
-0.164465
2.430909
2.986112
3.651784
-1.023479
0.726960
3.389729
2.380589
2.678248
2.553216
-2.286368
-1.422520
0.958270
0.324823
1.092925
0.776257
0.263599
-1.345665
1.690447
0.787272
1.608865
2.660682
2.255828
1.942938
1.016457
0.131118
1.102454
1.835858
5.118625
3.683828
1.761619
1.005446
0.647742
1.252135
2.593220
8.826135
6.670706
0.057083
1.469150
0.381305
2.630128
2.474174
5.307443
4.213212
1.215225
1.837514
-0.089395
0.045742
1.952864
-0.090312
1.140699
-0.747948
0.711146
-0.748098
1.144454
1.300285
1.670025
1.142040
1.014264
1.228532
-7.376671
-0.585403
-0.183224
-0.663441
-0.114531
-0.017866
-1.140718
-1.937606
0.217962
0.655889
0.745090
0.890661
0.757568
0.861110
-0.633896
-0.410885
-2.008555
-3.950059
-3.157757
-2.069642
-0.698790
-1.668499
-0.235010
-3.677387
-3.124527
-3.358246
-1.258794
-0.396421
-1.271818
-1.475458
0.308722
-0.316860
-0.084000
-0.202870
-0.930436
-0.398605
-1.055051
-1.427240
-3.136631
-1.522661
-1.124132
0.046523
0.433243
0.115203
-1.005947
-1.611552
-0.877604
-1.108412
0.136511
-6.739546
-4.079923
-6.594107
-4.942993
-5.803803
-5.589037
-4.051826
-4.815468
-5.307797
-3.132528
-1.950140
-1.294069
-5.911953
-3.026647
-5.866310
-3.150058
-3.491447
0.859296
-0.659399
-2.889221
-1.739713
-4.183873
-3.879660
5.814019
15.176795
12.209662
-0.680013
0.062919
-3.577499
-3.501859
0.030272
5.464095
3.914501
-2.635436
0.171073
-5.420380
-4.118450
-0.764614
0.108994
0.700291
-1.408390
0.661879
-4.771999
1.303820
3.848433
2.559070
1.457581
0.335812
-3.277984
-1.256918
-1.360007
-0.639203
-0.065325
-0.061128
-0.819132
-1.301480
-1.739351
-1.463104
-0.368755
-0.754731
-0.837215
-1.162071
-2.588658
1.398420
0.705367
-0.262067
-0.683615
-1.049055
0.011484
0.961788
0.889183
0.200547
-0.627753
1.398820
-0.203106
0.276961
-0.312171
0.431272
0.961671
0.235727
0.289439
-0.660788
2.496837
0.180686
-0.837072
0.045232
0.018763
0.593788
-2.788898
-1.054118
-1.696296
0.186557
-0.598175
-0.252571
0.868936
-0.523296
-0.568752
-0.535866
-2.188814
1.217635
1.368037
2.292903
2.356184
2.313117
0.281254
1.742709
-0.796440
0.030061
-2.288635
-1.582227
0.318461
2.512504
-0.442566
-1.100889
3.811474
-1.125969
4.087096
1.077405
0.787233
0.888336
-0.091101
4.518829
-8.238729
-0.248229
0.572832
-0.596854
-0.788135
-0.375178
2.599129
-5.041871
2.180703
-0.370180
1.280124
0.970850
-0.418526
1.179913
-0.966666
3.403604
0.759343
1.721650
0.657742
0.775222
-1.833877
0.259437
0.272500
0.691568
0.636035
-4.934112
-1.654521
-0.851242
0.234329
-0.170553
-0.612245
-2.419443
-2.320199
-0.185445
0.435605
1.309207
1.190487
1.024102
-0.689781
-0.841410
0.023001
-1.112329
0.447819
0.517044
0.359726
0.183734
-1.293077
-0.103788
-2.000447
1.363096
0.124555
-1.067470
-0.089022
-1.446398
-0.069494
-1.906637
0.327560
-1.251338
0.225650
-0.094235
-1.376415
1.192937
-1.126493
-0.374835
-3.337871
0.725141
-0.062751
-1.604407
0.728817
0.310972
2.269309
0.728542
1.151912
-0.369648
5.815963
-2.483215
1.431601
-3.032690
-2.501852
-0.752219
2.199119
-1.811332
-0.598402
-2.736328
-3.861738
-4.550861
-3.771070
-0.640750
0.341042
-2.619986
-2.109242
-4.987720
-4.768467
-5.858176
-2.623257
-0.776639
-2.521033
0.092943
-5.011061
-1.869169
-2.791648
-0.078334
1.654431
-3.094067
-0.724729
-8.277446
-4.126657
-3.553571
-1.857384
-0.004037
-3.320046
-0.020413
-0.822188
-0.684406
-1.063434
-1.318237
5.334255
-0.314148
2.310367
1.441653
-0.902016
-1.118608
2.463497
1.603050
2.641996
-1.686799
-0.614841
-1.053234
-1.045729
-2.373151
7.323862
-0.193115
-1.069665
0.058750
0.971810
1.044352
-2.720576
-1.761843
0.031016
-4.996230
-3.959846
-3.011998
-2.504628
-2.091710
-2.754230
-0.246751
-1.709702
-3.975833
-1.264404
-6.469026
-1.326292
-2.017600
-2.494678
-4.487642
-1.453847
0.028221
-4.589520
-2.537624
-0.945549
-1.230136
-1.859945
-1.830243
-2.272568
-3.961013
-3.626742
-3.233437
0.676692
-3.897039
-0.955964
-2.451404
-0.832490
-2.325732
-6.177061
0.589533
-2.348103
-1.302477
-1.011076
-1.001484
-0.695751
0.942186
1.294832
-0.962313
2.604877
2.568499
-1.133944
5.806413
-1.476461
1.379564
2.811525
0.477095
1.269455
2.936422
3.978254
-0.570410
1.006531
2.389076
-13.548777
-2.611746
3.853483
3.499119
-1.617722
-1.705805
0.345205
-8.661879
-2.688204
0.224056
2.520224
-0.902884
-2.341476
1.076323
-1.306831
1.521582
1.583895
3.163019
0.345270
3.488314
0.353937
0.198137
1.050850
1.543528
-1.308966
5.051039
-0.921215
2.164985
-0.653380
0.467321
0.520707
4.672567
-3.328339
2.303706
-2.021356
-0.502269
0.626888
-0.500059
1.941872
1.313967
3.003505
0.298931
-3.072444
-0.306277
-0.423877
1.366668
0.638071
3.529558
0.158007
-6.389109
-3.595277
0.702893
1.531482
1.170649
2.428835
3.709916
-3.310631
-0.766072
1.658250
-0.207236
-1.080294
1.763042
2.168615
-0.222212
-0.440845
0.125249
-1.543360
4.881590
2.154484
1.118611
1.649039
0.341754
2.643677
3.361830
-0.695482
2.351669
-2.381804
-0.799012
-0.904358
-2.888515
-5.871043
2.438437
-1.587699
3.270276
3.025848
2.390809
0.599900
-2.189090
-1.473070
-0.783422
2.979702
1.971136
4.465078
2.189149
1.790386
1.765157
0.006626
-0.246578
-2.463342
-3.016735
-3.300805
0.665615
-0.437404
2.338063
-3.901708
-3.525005
-2.481525
0.166970
3.378922
-0.444212
1.928555
3.917323
0.234720
1.468225
3.480008
2.088581
-8.054159
-2.004605
6.466719
4.697825
3.585104
0.461565
-10.480733
0.185231
2.343646
2.048665
2.164626
2.267269
2.532432
0.617557
-1.044507
1.184729
0.999704
-0.639159
-0.916228
1.929412
-0.534215
0.620356
-0.496044
0.860363
1.610767
0.036574
1.130820
-1.122275
0.285810
-1.343062
0.358621
5.283911
2.960890
-0.866209
-1.959532
0.769398
-1.150244
-2.808934
2.950952
1.013882
-0.346358
-1.829691
-0.012870
-0.532116
-1.766011
-2.155533
-2.916560
0.212318
-1.226333
0.919669
0.416952
-0.192385
-0.254673
-0.429433
-0.556950
-0.404395
-6.357350
-1.925249
-3.348336
-1.244552
-1.696774
-3.680653
-5.328394
-4.295815
0.182725
0.890746
0.901872
0.490304
0.139609
-1.972653
-3.298536
0.712614
0.264429
1.383686
0.255491
1.317990
-2.166299
-2.376008
-0.638708
-0.921663
1.820845
2.128213
-2.399688
-1.140951
-3.706105
-1.947003
0.500102
3.501989
6.634169
-2.008996
0.154334
-3.320707
-1.103269
-1.402903
-2.235234
-1.522847
-2.203103
-1.340439
-5.548010
-2.486708
-2.383434
-1.366706
-1.194027
-1.882903
-4.057161
-4.976468
-4.497252
-3.495984
-2.554219
-3.247785
-2.137110
-5.168954
-1.413240
-1.044897
-1.133528
2.742213
2.326242
0.289153
-1.645373
-2.651102
1.997094
0.638601
2.228124
2.612922
0.377305
-1.112662
-2.064730
2.501800
-1.564041
-12.467849
-5.941600
4.127597
1.104359
-3.276694
-1.178751
-2.152419
-10.193198
-6.924773
0.095807
-1.190006
0.633036
1.669769
2.858566
2.594146
2.924298
3.032307
2.511387
-1.704705
1.010925
0.684244
1.975594
1.381627
3.512395
-5.294984
6.363483
2.499065
1.147322
-0.634550
-0.806483
2.465485
3.307314
2.193811
2.369921
0.281228
1.728384
0.808906
0.769325
3.100190
0.192814
-0.196578
-1.481402
1.082046
-1.101428
-2.402561
-2.136773
-0.587348
0.430469
-1.853122
3.004733
2.466596
4.655470
-1.592939
0.448103
-2.711718
-3.704481
-0.977942
-3.761585
1.054311
-1.558707
2.257832
0.392725
-0.425838
1.953725
1.523962
0.820257
2.322935
4.075748
3.118268
3.324099
1.010976
2.810331
1.078003
4.692127
-2.744653
-0.326373
-1.349793
-0.434078
-0.955821
-1.125103
-0.234650
-0.819934
-1.337003
-0.254370
0.434168
0.860629
-1.614142
-1.857351
-0.472399
-0.293292
-1.358310
-1.399515
-1.423930
-0.811743
-1.271157
-0.379192
-0.574741
-3.851902
-0.087578
0.908602
-0.025284
-1.108255
-0.732280
1.547758
-3.437866
-1.467422
-0.834608
-0.178616
-0.583134
0.098299
0.360462
-1.980627
0.754814
-2.658783
0.063598
-0.739993
0.779360
-1.551453
0.580090
1.706652
-0.422371
-0.783115
1.349064
2.526271
-0.553173
2.083072
1.593253
2.102843
1.929777
1.450727
0.128566
2.930840
0.140920
1.201593
0.859390
-0.303308
0.336994
1.547111
1.276765
3.152364
3.851853
3.741132
-0.421792
0.785338
1.179761
1.006627
2.069201
5.268380
3.840964
-0.866417
1.863070
1.366187
0.486382
2.134570
0.699142
2.423157
-0.967304
2.059168
0.881556
1.298891
3.524274
3.705844
2.208693
1.068057
0.280660
3.174445
1.324306
3.241838
2.077883
2.469764
1.569601
3.492862
6.046752
1.992683
2.719628
0.641838
1.368011
1.556896
3.389857
3.199226
1.624933
1.496253
1.172472
1.743189
0.561616
1.596304
2.472908
1.010844
0.320801
-0.629988
-1.158729
-0.130463
0.299989
2.291698
-0.465705
4.597769
8.678038
6.035513
-2.199392
0.946351
3.101421
-0.168400
1.103522
8.131361
7.781385
-1.005126
0.268307
1.801721
0.279290
-2.024841
-0.340969
1.093085
-0.568352
0.218846
1.709045
-2.553071
-1.746788
-4.215812
-2.072690
-1.823721
-1.224744
