-3.914739
3.927232
4.762604
7.424723
8.048961
5.110045
2.057127
3.042036
8.230728
-2.856414
-2.802893
-1.948351
0.644157
2.268938
7.357154
3.841145
-6.701523
-1.419080
-6.774813
-6.282229
0.643559
4.301264
-0.781886
-9.820107
3.793694
-1.825573
-0.101892
1.793470
6.497744
0.585240
-1.259890
2.707200
0.490603
0.899672
0.669135
6.337888
-2.225642
-4.471495
5.721093
-2.987509
-5.400508
-2.980603
2.297458
1.604306
-3.438644
0.106405
-2.390338
-3.066873
4.294561
0.159674
1.659930
0.863174
0.877221
1.153938
1.245733
0.691159
0.481761
2.685267
4.940314
2.732532
3.474556
2.780594
1.800070
1.308154
2.055379
3.097061
2.160890
3.022890
2.149869
1.855838
1.875162
0.509404
1.943397
6.816290
6.143484
1.066713
1.326358
1.010405
3.542115
2.342431
4.679837
3.473699
-1.054544
1.855745
0.648916
3.513205
6.818392
5.670455
2.280257
-0.296745
1.149372
0.380770
2.014212
1.658282
1.920022
0.175403
-0.351457
0.438166
5.228070
-0.888280
2.881995
1.110564
1.824985
1.398610
2.279243
-2.719913
-3.461286
-2.493475
-4.037709
-4.457526
-3.279153
-4.026680
3.015058
-1.883803
1.480719
-2.912964
-2.115085
-0.890070
-1.943758
2.687930
-4.858881
0.943078
-0.859223
1.215833
0.911241
-0.184949
3.369355
-3.713341
7.201068
4.393463
5.062688
-1.038648
-1.859299
2.730422
-0.852139
8.333214
0.585454
6.463844
-0.311806
-1.039340
3.459182
-1.137368
-3.498868
-4.332113
-3.126105
-2.060955
-0.159771
-2.367161
-1.566629
-0.678520
0.567071
0.619627
-0.576137
-0.742262
0.993881
-0.318308
1.121151
2.110953
2.030446
0.845153
-2.096734
0.617471
-1.708058
-2.811424
-4.750319
-4.667145
0.607642
-0.013660
-0.160334
-4.504948
-5.639689
-2.678671
-3.497118
-0.824080
-0.965326
-0.190753
-2.803277
-8.611341
-2.430073
-4.707391
-3.136171
-0.489865
-0.674807
-1.421270
-1.851511
-5.085701
-6.028065
-4.148981
-0.848809
-0.156428
0.336436
-0.646469
-1.289633
-3.183730
-1.212884
-1.839970
0.869224
4.584242
2.698599
1.950135
2.219312
2.526255
-0.640025
1.902825
-2.395476
-3.011758
-3.847198
-3.991042
-2.075835
2.394729
0.030290
-0.968407
-2.984683
2.029618
1.003694
-2.294248
0.782912
0.593228
1.319101
0.207677
5.846883
4.436738
-3.143708
0.255569
-0.563324
-0.734609
2.524684
1.318974
3.606997
-2.665984
-0.343733
1.627967
-0.739101
2.607944
-2.574667
-1.148273
-0.294668
2.763519
0.699919
2.651032
-1.172606
-0.453638
-0.047351
2.223898
-2.306762
1.919950
-0.055650
-1.205941
0.475310
0.284035
-0.835212
1.347714
0.280283
2.702691
2.652142
2.523564
3.951890
2.112935
1.128757
0.538326
3.482253
6.044695
3.063375
2.023218
1.910976
0.508870
1.808506
2.742508
8.084909
2.244733
2.367454
5.997921
3.894857
-0.371500
0.770905
3.519484
5.521627
5.978352
-0.790263
-0.034205
-0.612331
2.124679
-0.981571
0.575326
3.099121
-1.590109
-0.375273
-1.863379
-0.612281
-4.751954
-2.189579
-2.673700
-2.240142
-2.126876
-5.282218
-3.632237
-3.834162
-3.787772
-3.610090
-3.671064
-4.921253
-7.506630
1.471784
-0.818046
1.555869
2.036188
-1.381050
-1.767158
-1.861313
4.490465
0.246561
1.136581
1.432313
-1.111476
-0.546167
-3.892586
2.120846
-5.307334
-4.685949
-5.500096
2.848605
-0.220818
-1.079914
-1.250449
-3.570686
-8.295876
-7.923696
-3.754155
-4.164901
-2.516820
-0.736776
2.530897
-5.105258
-2.811795
-0.860890
-2.729456
-3.908022
-0.225274
-2.589321
-2.791660
-2.555616
-1.525954
-1.823606
1.359846
-1.267685
-0.849129
-1.401252
-1.270040
-1.314318
-1.117863
-0.583699
-2.047413
-3.224189
-0.158258
-0.869725
-3.199745
-1.659014
-2.516440
-2.676662
-1.135779
1.118270
0.824519
-1.935359
-3.611523
-2.876691
-0.228094
4.589719
1.815915
1.003870
-1.213641
-6.209628
-2.784744
-2.716452
-0.037014
1.760364
0.028567
-0.271490
-5.278749
-2.758594
-1.216136
-0.925482
-0.393126
0.433127
-1.071433
-3.973001
-1.970730
-3.753451
-4.169158
-3.935494
-4.078769
-3.448516
-2.715117
-1.829630
-2.237078
0.957624
-0.842827
-0.792930
0.679567
2.105425
-1.814874
-1.026983
0.430728
2.710753
1.999897
-0.549904
4.421639
0.610146
1.301463
4.114171
2.514060
4.269941
2.280863
2.752445
0.525605
0.909202
0.813122
-2.033699
-2.463173
4.099667
2.542828
1.494036
2.472953
2.826199
-3.502591
-2.799518
1.835278
3.754042
3.258184
1.033617
-0.011832
2.876944
2.052444
1.516170
5.016886
2.535090
2.322174
2.279845
0.900067
1.650955
1.942596
0.397156
-7.394079
-3.254862
-4.632669
-3.660826
-4.078641
-4.747759
-7.025145
-5.510183
-5.524748
-4.535225
-3.510046
-3.954663
-5.105404
-6.472622
-4.557293
-3.823272
-2.815892
-2.220993
-3.205230
-4.874788
-7.186187
-4.227901
-5.521452
-2.343318
2.581854
3.660165
-1.501499
-4.415885
-4.182058
-6.683903
-1.987040
4.117433
2.854498
-2.325009
-6.275007
-5.058347
-9.750278
-7.355125
-0.851927
-2.478369
-8.462382
-8.409148
-4.247476
-5.489495
-6.180015
-4.416261
-5.296244
-6.685334
-2.222609
2.901675
-0.708643
-1.568894
-2.919970
-2.409261
-1.587314
1.158616
-4.575372
-6.480626
-3.030536
-1.705560
-1.153837
-4.847306
-5.440678
-5.262653
-6.332147
-0.608570
-0.674592
0.163195
-4.790950
-7.055984
-6.128091
-8.265778
-4.041356
-8.200714
-4.639136
-8.094321
-8.953799
-4.408516
-7.419136
2.376563
-4.807934
-0.303123
-7.133204
-8.887690
-2.837694
-5.946977
1.714591
-3.360404
8.515079
-1.936882
-5.633698
-0.784794
-6.613317
-6.640093
-9.697822
-5.797329
-6.285968
-4.306908
1.830885
3.042249
1.847956
1.376448
1.712502
1.472903
-2.707677
1.622798
-2.344763
-2.008589
-2.247666
-2.208193
-0.701819
-1.822803
1.402714
-2.571096
-0.643143
-1.827019
-1.564243
0.130887
-0.057796
4.145066
-0.737937
-2.662830
-1.886978
-0.663830
-3.367149
2.678082
2.253637
2.252844
3.131311
5.842177
3.372938
2.115680
4.779308
0.150571
-2.532995
-1.181826
5.097912
-0.447445
-3.223514
-0.330965
-0.789321
-1.539910
1.960683
3.522372
-0.087476
-2.850900
-2.218182
-1.486374
-0.157131
-2.000757
-1.299623
-1.581191
-1.643106
-0.811730
1.109284
-1.712451
1.438517
3.541315
2.214903
0.625199
0.868203
-0.822325
-0.703537
1.252063
-1.925013
0.639056
1.067428
1.635522
0.096507
-0.146574
-1.652347
-6.724883
-0.253232
3.555489
3.025927
-0.568954
-1.231664
2.439206
0.279598
3.940452
-1.885340
0.875325
0.886857
-0.362985
7.393151
-1.544375
4.756595
-0.016426
1.510055
0.674956
1.106557
-0.214269
-1.339807
-0.961338
0.483197
2.181219
1.106389
2.384743
2.046217
2.237652
3.107947
4.008612
6.458895
4.015883
2.160501
-1.324178
-6.306049
-5.188752
-0.966371
4.372282
3.543798
0.155616
-3.781300
-3.700333
-2.733447
-2.841094
0.034503
1.553379
-1.527181
-5.643084
-13.885525
-4.255490
1.751745
-0.922628
0.269665
-1.400064
-5.101378
-11.731344
-2.138726
3.984138
1.175574
6.092881
-0.484847
-0.081115
-6.740629
4.545115
3.109794
2.426069
5.321538
-2.019621
-3.329429
-4.608247
-2.559037
-1.090144
5.997142
21.072567
5.580313
8.929426
4.229185
4.738809
6.478398
8.553311
6.678523
2.640411
0.056868
-0.336999
-1.665774
-0.376509
4.559628
6.078232
-0.437974
0.607920
-0.219511
-3.058380
-1.344918
2.557814
2.449545
-2.798877
-3.620173
1.818076
-0.967790
-1.497376
-0.906275
6.882379
-2.596378
0.438106
0.024530
-1.897410
-2.449424
-0.480576
6.403867
-5.761392
-4.661686
1.508937
-5.398602
-4.047739
1.190027
9.940307
-1.097782
1.331940
3.505443
-0.453499
-2.759423
2.124756
11.075533
0.896456
5.181131
2.406324
2.727703
4.541081
6.452724
1.310672
0.233811
1.107751
-2.003532
-0.916107
0.188267
3.879291
3.330468
-1.754826
-2.754246
0.285288
-2.173681
-0.137912
2.491669
0.370450
-5.931814
-6.406898
4.252804
-1.436524
-5.819188
-2.364752
0.930603
-4.920149
0.894335
8.673530
5.767919
-3.853057
-2.977823
3.890596
-4.659156
-4.832874
-2.029969
-2.794766
-4.810056
2.486945
6.959237
0.083563
-5.789624
-4.621760
-6.456182
-1.647350
3.927709
-1.066621
-1.668693
-1.255017
0.248593
0.177597
-1.851858
-3.290554
-1.828481
-1.829152
-1.832341
-0.952468
-1.212321
-1.735834
-4.032093
-0.724817
-3.774686
-1.870672
-1.567448
-0.673562
-2.167509
-3.405125
0.304581
-3.583076
-2.685915
-2.175461
-0.846923
-4.743701
-3.320984
0.001032
-2.380150
2.251174
0.271637
3.597764
-0.240153
-1.674155
-0.873396
-1.674926
-0.030720
0.109638
2.223991
-1.889124
-3.725004
-2.471562
-3.202133
-2.017304
-1.450764
-2.154808
-3.659808
-3.678714
-2.850362
2.546548
0.658700
2.397945
2.770794
2.815860
0.607234
0.504099
2.198259
1.045048
0.570932
2.611454
2.538271
2.273991
0.029563
-2.551227
-2.076519
-1.713344
-1.563730
-0.059531
-2.238339
-1.777489
-3.663820
-4.207981
-7.864600
-5.086383
-1.775701
-3.636888
-2.524441
-3.283356
-9.616463
-13.940400
-10.655860
-2.020109
-4.902789
1.485671
0.148677
-4.498578
-5.575274
-7.644749
0.482421
-1.833787
-0.015953
-0.511232
-3.511843
-5.693218
-3.097485
-0.248368
-0.197360
5.955938
2.303661
3.363276
2.243155
2.677649
3.714605
4.897457
1.691138
-0.431436
-1.719090
-0.982538
-0.517285
-1.195917
1.258372
1.991468
0.349318
-2.207841
-2.377205
-1.767828
-1.890074
0.551579
1.187271
-1.017684
-4.199545
-4.971565
-3.210162
-5.523511
-1.188915
0.592051
-0.656545
-2.993311
-3.662368
-0.762283
-4.051657
0.378759
1.897368
1.733411
-1.246143
-2.294923
-1.165166
-0.313043
0.823654
3.829624
-0.943727
-1.983911
-0.366337
-2.327794
-0.549814
1.810028
-5.714050
1.639948
4.165285
3.861991
3.688814
3.563473
1.421142
3.317997
1.621913
1.380373
0.147555
0.166330
2.079986
2.124732
4.170226
-0.316506
-0.236811
-4.474022
-0.571436
1.519203
2.959244
3.872546
0.264857
-3.006260
-1.450779
-4.373131
-6.114436
0.174292
4.124740
3.787679
-2.050390
1.296411
-2.382786
-5.174847
3.753647
3.814129
-0.084417
-10.540455
-4.258838
-4.486490
1.264095
6.257953
4.417762
6.169078
-0.104793
4.189916
0.494147
3.609770
4.742272
2.954573
3.436832
2.691026
3.003276
2.988129
3.331412
3.643294
2.842148
1.581474
-0.353630
-1.528346
-1.057586
0.364790
3.963889
1.752322
3.124057
-1.824791
-0.454602
0.120110
-2.994271
1.819468
1.975124
3.841545
0.824914
0.181127
0.192612
1.149982
2.341148
1.473248
-0.699109
-0.081869
-0.443401
1.501831
1.390558
1.300740
3.725701
-0.423018
0.242479
-1.841741
1.382198
-0.748892
1.672399
2.478936
1.422850
0.486465
-1.825867
0.394958
0.511036
1.025948
-1.582493
0.184898
0.015639
0.328604
0.247204
0.687699
-0.911210
-0.373186
2.863499
1.976737
4.470365
3.894024
2.303725
2.475815
1.290445
3.776499
-0.146041
1.195381
1.978976
2.339792
4.888818
2.541329
1.051345
-5.519227
-0.390479
-3.046574
-1.720636
7.031977
3.215900
5.138793
0.650116
-0.572214
-0.440868
1.609247
7.242252
3.790675
3.786553
-2.422304
2.540717
0.515465
1.671284
5.947683
1.034714
4.706721
4.523369
4.727952
5.308797
3.578743
1.811609
7.794979
0.766625
1.678872
1.094533
1.218165
1.859354
5.324160
1.143501
1.446646
-0.332964
3.084090
2.830951
1.095217
2.445980
1.992826
2.034115
-1.080955
-4.065428
-5.588768
0.745742
2.059566
1.036503
1.505165
-2.202438
-2.709656
-2.726944
-0.678789
1.667949
2.145327
1.051819
0.785637
4.373011
2.093474
3.751850
0.437355
2.086017
-2.063715
1.421981
-0.136422
-4.146804
-1.348516
0.780475
4.041025
-0.174704
-0.298330
-2.423893
-0.335815
0.044555
4.200566
10.326050
0.595713
3.182655
1.825381
1.852486
1.131427
4.353815
4.373559
0.714977
1.611557
-1.910349
-2.118374
-0.146952
0.492761
4.316784
-0.549667
1.924212
-0.600531
-2.061432
0.909042
-0.141976
3.380469
-1.151104
0.007818
-4.702224
-3.690940
2.456350
-0.660637
5.214523
1.579933
1.553689
-4.743046
-0.607115
-1.346359
0.593972
3.251660
-1.097022
1.934760
-2.515496
-1.355783
-0.834023
0.779611
5.083171
-1.735533
-2.088657
-3.613846
-5.276646
-3.466838
-1.663404
-5.331718
-0.140434
-2.497193
-3.163596
-3.474163
-2.576228
-4.300712
-1.031622
-1.892507
-3.079484
-2.095013
-2.358303
-1.968897
-2.651311
-2.134442
-4.210465
-4.954597
-5.445735
-5.699320
-4.565638
-3.738504
-2.170533
-3.695944
-7.313837
-7.110430
-6.267907
-5.718350
-1.583665
-3.253889
-3.953937
-3.940464
-3.206688
-2.167614
-1.013205
-1.277426
-2.273912
-0.265240
1.179336
2.139713
1.200248
1.399169
-2.010822
-4.432264
-3.462965
-1.379615
-0.891671
-0.732121
-1.046014
-4.037531
-23.873428
0.666490
-8.121298
-4.062294
-5.480374
-7.081288
-14.476879
-0.195916
-1.111585
-0.951775
-5.397447
-3.637195
-0.985833
-0.054440
-6.968779
-1.470715
-2.658062
-2.052183
-3.715486
-2.990215
-1.739670
-5.531770
-2.459860
-1.914221
-4.900324
-7.993798
-3.255375
-4.094164
-7.366275
-3.075892
1.049822
0.059960
2.988360
-0.998056
-2.986474
-4.448888
-2.623909
3.080521
-1.198627
3.898386
-2.321637
-1.753019
-9.165545
0.933699
-1.377893
-1.926339
-0.399973
-0.600960
-5.090401
-6.000899
-2.620055
-1.401776
-0.836618
-0.607333
-1.212781
-1.188610
-3.105204
-0.540275
1.820087
0.909916
0.464247
1.616442
-1.833922
-1.400420
1.455807
7.298148
5.582209
2.079273
4.523777
-4.355756
-1.291497
5.962076
9.422941
0.173643
0.338004
11.709562
-0.032797
-1.659019
4.270997
3.366611
-1.461423
-0.625816
9.263105
-1.898703
-2.549395
2.663392
5.991548
7.032914
3.955933
6.666483
-3.810887
-0.524674
-1.549731
0.819325
0.530247
4.569093
0.858920
-2.282581
2.310325
-0.349098
1.305975
0.642913
0.935849
1.472049
1.987441
1.920011
-0.071512
-1.612042
0.771383
-0.373402
-0.362366
0.303711
2.361919
1.008212
1.948492
-1.364537
-1.474740
1.192865
-0.174644
2.173675
2.802143
5.232201
1.516795
1.429970
4.446773
1.599516
2.141480
-0.584816
0.221543
3.217909
3.568714
3.696246
1.214893
1.918515
2.240089
3.954210
-1.089598
2.304986
3.944324
-0.916441
3.905971
0.182558
1.745367
0.802295
4.257885
3.260095
3.045855
2.720656
0.387498
0.315501
0.916976
0.884610
1.057584
0.438315
-1.580032
-0.462348
-1.700187
-3.361598
-2.045939
-0.387262
-0.793655
2.462180
-1.162056
-8.301302
-2.426203
-3.249126
-2.635270
0.483962
1.561049
-2.807270
-8.160285
-4.472786
-6.683670
-5.302177
-0.794176
0.966764
-3.654968
-0.189850
-2.994762
-4.020620
-5.455983
-0.966925
2.169474
-0.721097
5.672402
-2.259207
2.994360
0.149058
0.016706
3.107851
-0.645349
-0.699727
-3.066694
-2.325723
-0.523237
-0.110192
13.328608
1.700095
4.292645
3.087233
3.570081
4.260345
4.755672
1.485649
-1.236143
-1.297897
2.395952
0.893403
-2.226252
-1.233482
0.875553
0.636450
-0.952270
5.345432
3.639505
-0.865820
0.507523
0.577502
-1.416761
-5.223438
3.973045
0.244022
-7.936921
-2.440557
0.001174
1.082751
-2.055270
2.825342
-3.268514
-0.420777
-1.257709
0.830245
0.676739
-5.889256
2.766984
-5.425817
-2.476763
-2.197136
3.055253
1.557332
1.152187
2.542098
1.220980
2.120605
0.470254
3.698171
0.730695
-0.273233
0.326483
0.302051
0.296523
0.331899
0.819616
-0.814276
-2.670455
-3.956006
-3.668432
-2.490331
-1.601696
0.002676
-0.379742
-5.517036
-8.374271
-9.246283
-2.085942
-0.209584
-0.031837
-1.987398
-9.738461
-7.806477
-11.502862
-6.060228
2.393256
-0.320744
-0.190597
-6.241091
-7.505013
-11.185540
-5.498944
2.199604
-1.235017
1.613182
-6.085374
-2.260867
-5.631499
-2.331010
-0.195832
-1.214529
0.074691
1.932673
2.304955
1.984249
-0.534707
-1.008089
1.940945
-3.459637
-0.657011
-2.806676
-2.825381
-1.968587
0.035538
-0.838309
-1.045843
-2.014919
3.808381
3.590475
0.169597
-2.001444
-2.004901
-0.865872
-3.138744
-0.114418
-1.036670
-3.405545
-2.784489
-0.506839
1.891479
7.967533
9.367443
9.666752
8.675843
2.988283
0.333141
1.492795
8.766451
15.107148
9.582254
5.467868
0.302155
-2.311323
1.062299
1.403246
7.156615
1.179188
-1.781077
-2.948719
0.719939
-2.714127
-0.201463
-1.226738
-2.883856
-2.475863
-0.593606
-3.810173
0.272800
-0.253128
-0.508831
-0.056720
0.111425
0.706592
-1.964323
-1.639895
-2.942458
-5.923431
-6.004574
-2.445681
-1.701420
-2.154430
-0.012837
-1.692980
-8.530059
-7.687906
-3.614558
-2.399346
-2.866253
1.833880
2.169683
-4.392473
-3.396796
1.672314
-3.556712
-2.713408
-3.486345
-5.317200
-3.022501
-4.914526
-2.818518
-3.860694
-2.084205
-3.110310
-5.980372
-6.460552
-6.362543
-4.489924
-1.774232
-1.542502
-1.966873
-4.894827
-6.823880
-3.863571
-2.526915
-1.073654
1.457938
-0.738107
-0.920087
-0.113246
-0.493106
-0.349374
0.478451
1.179829
-2.211821
-3.449159
-2.872905
-3.764728
-3.954175
0.197337
0.625298
-3.863579
-4.962557
0.326650
-0.325351
-3.973539
-0.865304
1.207247
-3.338347
-6.508294
-1.963742
0.466632
-4.559655
-1.535983
0.898224
-3.341629
-5.783129
-1.523543
-1.895311
-3.582602
-1.553940
2.281533
-3.474622
-5.679402
1.336255
-1.321676
-4.684494
-1.457571
0.811814
-0.966695
-3.570963
-1.398990
-0.170158
-0.032247
1.053720
16.328911
3.311279
14.438640
11.027624
12.529532
12.888123
12.523009
2.478748
1.458000
1.404905
-1.467015
-0.283049
2.677865
3.074090
10.538293
-2.103374
-1.096827
-2.568424
-1.746405
-0.953479
-1.308957
4.981382
-4.729375
-8.024853
-8.319034
-4.601175
3.312274
2.672640
6.137702
-4.909397
0.324663
-0.758046
0.904032
0.013675
-1.589378
7.283659
-0.904612
-1.938373
-4.216223
0.086558
-0.486794
-0.477233
12.579840
-0.909123
-1.508397
-3.930049
0.094434
-0.023314
1.052476
-0.655424
-3.024410
0.160071
0.248025
0.395221
-1.080217
-3.497587
-2.193138
-2.516284
-1.593789
-5.884969
-6.418006
-2.275541
-3.646807
-1.711265
-4.358358
-3.680897
-1.151322
-3.583798
-2.597409
-1.907634
-0.963898
-3.873332
0.181326
5.520282
1.597392
-8.019316
-7.140654
0.111355
-1.363957
0.889986
4.073934
2.694404
-1.746619
-1.984231
-0.973413
-5.484385
-0.799011
0.929062
-4.891815
-7.604015
-1.663961
-2.720153
-3.476099
-1.653631
0.680054
-4.043584
-4.672079
-4.076326
4.447862
-0.601372
-0.129902
-0.149528
-0.483649
-0.495062
-0.745737
0.977517
2.193043
0.655805
-4.880486
-4.776348
-0.169952
0.320128
2.298218
4.196335
2.187141
-1.705538
-4.089295
-1.567840
3.618404
0.478315
2.467862
7.717341
-0.209722
-1.456230
1.309855
0.784164
0.663389
0.902361
-0.682013
-7.924585
-3.411519
-7.235712
-0.439479
0.124661
2.498441
2.768437
-1.932104
-1.958227
-3.183521
1.341385
2.898787
5.714251
3.705261
3.046604
-1.770565
-1.095152
4.673524
0.142561
1.418168
1.188484
1.220340
1.226479
1.476452
-0.348623
0.307702
3.326327
2.763284
3.083137
2.455820
2.543658
1.104344
0.123181
1.528453
-0.480263
5.110394
2.579266
0.893671
1.488723
1.083791
2.366431
2.146811
5.624369
6.314509
2.663553
1.605792
1.391104
0.578658
6.428006
6.902049
5.747052
1.449340
1.122974
1.998081
0.934512
6.395285
4.360279
3.613865
-0.400285
1.398469
-1.458109
0.637516
3.046961
0.129739
0.106590
0.698719
-2.389415
-2.304893
0.099295
-4.405781
-1.362128
-1.924784
-3.961270
-5.354211
-2.574102
-2.751247
-2.624105
-4.638277
-3.398149
-3.269730
-4.423887
-3.220995
-3.441328
-5.798749
-14.983875
-15.340885
-7.835883
-4.341083
-1.665775
-5.684578
-8.300912
-4.976218
-11.809023
-10.011801
-4.133391
-1.855660
-2.726442
-3.657800
1.360461
-3.005837
-7.355586
-3.170041
-3.433284
-1.688669
-2.818729
-3.446090
-7.522141
-6.543843
-5.018664
-4.331931
-4.911613
-2.055973
-4.069234
-3.447088
-3.174063
-3.564333
5.068407
0.565238
1.932546
0.923244
1.366608
2.234343
2.820980
-0.244539
-1.608555
-3.236783
-2.166463
-1.561178
-2.198762
-2.089376
1.078105
-4.737852
-4.575170
-17.565916
-12.475882
-1.146786
-1.227584
-0.551075
-7.282067
-18.592268
-20.770483
-18.798536
-14.648399
-8.232914
0.282912
-1.744972
-10.767724
-18.653944
-13.062603
-4.251239
-2.998629
0.248323
-2.498582
-10.471258
-7.981259
-5.668932
-1.487140
-2.129259
3.577109
-1.072581
-4.653744
-1.434225
-3.056847
-1.818153
2.544953
-9.967999
0.936284
-0.374845
-0.514841
-0.527405
0.504717
-3.078001
1.572130
-2.557698
0.910017
-4.101335
-2.861956
1.286098
-1.749019
3.001202
-2.217278
0.522634
-2.889571
-3.697036
0.453893
-1.311141
2.899543
-1.561787
-4.331630
6.229175
4.216780
-3.044253
-2.467296
2.195704
-2.614613
-6.448230
-3.255027
1.156015
-3.842259
-1.226045
2.517935
-0.572217
0.201582
-1.446500
-2.520763
0.305477
-0.184315
-3.253099
-1.182034
-2.103397
-1.277118
-2.435088
0.829070
-3.528673
10.277618
2.562055
2.075708
0.516653
0.824558
1.800590
3.100245
1.198341
-5.565898
-3.153791
-6.605904
-6.416676
-3.452131
-1.827152
-0.725491
-6.365560
-4.877780
-2.646197
-4.197337
-3.233103
-1.074352
-0.457679
-6.104803
-5.536981
3.575457
-0.990787
-8.953926
-3.864708
1.801369
0.486093
-0.832930
6.938252
-0.750968
-2.632676
-1.468283
0.437094
-0.798481
-6.750256
4.510894
-3.820157
-1.060430
0.381979
-2.084016
-4.590793
-3.171751
-1.855004
-3.876345
-4.560441
-4.541350
-1.980603
1.940248
1.535047
0.860009
1.127310
2.313911
1.901399
-1.047992
-0.960944
-0.048562
-1.481318
-0.018693
0.677878
0.723622
0.538321
-1.341143
-2.958185
-1.276320
-1.586112
2.269953
1.944910
0.843824
-3.945735
-12.236189
-6.804174
-5.703067
-5.124090
-0.156550
1.251159
1.177897
-3.389462
-8.955443
-2.772243
-2.174424
2.674240
2.756313
1.538726
2.100050
-3.484121
1.720468
3.029103
4.805897
0.375955
1.778306
-0.204992
2.290387
1.355742
1.400808
1.053192
-3.586624
-1.832367
-0.579443
-0.669058
-0.702439
-1.513551
-3.468963
-1.475225
-2.219731
-1.845933
-3.758768
-3.884284
-1.532187
-3.557228
-1.535727
-6.759444
-1.434553
-2.613798
-3.358165
-1.817938
-4.171109
-0.980672
-5.321157
0.884738
3.537170
1.282874
-2.206177
-2.246804
-0.406812
-3.702997
-3.555704
1.674069
0.362642
-2.151625
-1.744850
-1.361009
-2.609934
-5.127405
-0.746714
-2.744963
-1.897129
-1.917902
-1.250030
-2.246675
-1.159502
-0.472729
-0.253964
-2.333318
-1.250476
13.569773
-2.051472
8.102766
4.594195
5.949233
7.448805
8.040539
-0.747024
-0.334569
1.851699
5.864071
5.180495
3.687685
1.282090
4.358253
-0.645759
3.761771
4.275007
6.731958
2.645216
-0.746808
1.130150
-1.166032
1.787407
-9.063290
-4.532495
-1.391912
-4.021076
1.708572
1.116448
1.905189
-4.334752
4.248460
3.449107
-2.911301
6.248115
4.022373
5.855569
1.859915
9.154646
6.749961
0.878245
6.710199
-0.809371
-2.477903
-1.759641
-2.808455
-0.548217
-0.605416
-18.579493
2.520708
-6.075059
-0.449184
-1.363558
-3.468572
-10.863428
0.205931
5.616825
8.282536
4.172490
3.263752
6.703175
-1.053600
0.040008
7.653281
2.937056
-0.685103
-3.121242
4.701549
2.536396
4.628065
10.072785
2.809725
0.591032
-0.165526
6.282309
4.791617
3.027692
11.090791
8.894617
8.537586
10.955479
8.623420
5.674143
0.966706
3.963249
2.444729
6.422333
3.525859
1.791966
1.202580
-12.720103
3.060539
-2.187672
-0.680187
0.265599
1.117822
-3.894103
-5.262924
0.892593
-4.244102
-3.896240
-5.224257
-2.356415
0.700229
3.346575
-5.347898
-4.222672
-6.335852
-7.402773
-4.684590
0.081656
-3.241577
-6.171334
4.211131
1.712259
3.124446
-2.410200
-2.769980
-1.620106
-1.252752
3.471307
-0.806600
2.428517
1.423364
-0.110340
-2.072373
-2.545506
0.279921
-5.978980
-3.298939
-1.860319
-2.211224
0.158836
-3.246547
6.072440
0.097861
0.849128
-3.686759
-1.630600
-0.134485
-3.719250
-4.080462
-5.731076
-3.418095
-3.818618
2.940277
0.072634
-1.936182
0.665976
0.268213
0.622208
-0.317335
1.135762
-3.600162
0.195447
-2.185166
-6.411551
-5.217791
-2.086507
-0.465738
-0.712132
-0.720902
-1.788228
-5.834157
-3.229428
-1.318833
-0.726332
-2.105517
1.785335
2.570196
-3.776103
0.320693
4.836462
2.246187
-3.210845
-3.086255
1.859892
1.398658
2.285822
-0.769646
-0.532020
-2.269891
0.542918
0.892448
0.356904
3.579477
-0.906658
-0.126835
-2.478593
-0.766543
-2.307071
-6.635226
-3.416193
-2.354451
-3.242710
-2.971350
1.120648
-1.147674
-0.499398
-0.830400
-0.126418
-3.686747
1.522701
3.312379
0.969290
-1.508566
-0.828145
1.853817
0.567332
-0.134859
1.755545
-1.879787
-6.938882
-6.034312
-0.641878
0.507731
0.503831
-0.365482
-6.605933
-1.513683
-5.258621
-6.958448
-0.569043
0.279057
0.845288
-7.158478
-3.435652
-6.457870
-6.005295
-0.234092
0.929823
2.864200
-9.174330
-4.474473
-3.356376
0.324787
0.895903
-2.114809
3.412650
-0.544824
0.374091
1.358545
2.998582
-1.318485
-7.960279
0.454576
-11.395563
-6.071462
-7.861536
-8.729298
-10.318875
-0.143203
-1.892035
-2.974152
2.485073
2.115386
-3.325227
-3.821394
-7.700266
0.393392
2.450413
9.478119
10.053524
-4.431705
-4.520019
-4.255217
4.861711
11.035959
7.843711
4.430696
2.599531
-0.052029
-6.495053
-0.339527
-0.371116
-2.702897
-3.819420
-4.544785
0.202457
-6.569904
0.437663
4.977322
-2.740726
3.362288
-1.110196
-1.624614
-8.976540
-0.054941
2.368307
1.158633
0.743885
-1.825932
-2.191539
7.073694
0.016232
1.601452
0.181679
1.010047
0.968014
1.338582
-0.825028
-4.615690
-3.286839
-5.493571
-3.327006
0.050664
-1.413691
1.668839
-6.485415
-5.678059
-3.264056
0.729820
-0.776615
-4.302132
0.765312
-4.288509
-6.422945
-1.688589
-1.058684
5.465938
1.235525
1.606157
-5.904801
-5.878803
-2.747760
-2.355159
-0.979228
0.780997
0.351271
-5.315715
-8.767467
-2.904660
-4.117179
-1.875695
0.342484
1.688791
-4.649524
-3.229963
-0.183586
2.005000
0.848609
1.418651
-3.102355
0.862415
-0.434013
-0.192794
-0.523379
-2.018199
-1.409612
1.047298
0.210329
-0.354313
-0.172867
-0.297996
-0.686367
3.531400
1.018777
-1.746038
-2.493637
-0.381148
1.074716
-2.649020
2.455532
1.420729
-0.888572
-0.730978
-20.238686
-15.342629
-2.977232
3.805449
3.071596
0.249812
0.282803
-14.986330
-10.833183
-0.549031
3.913003
2.014422
-1.800323
7.472899
-2.610402
3.189316
1.711426
2.262130
-0.404328
2.552462
4.155672
1.789371
2.456151
1.221957
-1.649843
4.148919
0.909872
-0.059636
-0.719521
-0.740849
1.185934
1.278066
0.269774
-2.594842
1.743588
8.224530
6.454587
2.053851
-1.360516
-1.399556
-0.429409
3.055657
16.794777
15.649675
1.940285
-2.543264
-2.521294
3.960668
12.842618
9.849035
10.982655
4.704808
-1.251837
-4.464981
-2.151648
6.936436
4.882233
1.439070
1.007162
-1.960551
-3.801819
-1.632078
8.085542
8.204369
4.982737
-1.255294
-3.171917
-2.855434
-1.834115
-2.046823
-0.088680
-1.154494
0.459393
-2.894561
6.190252
-0.134067
3.561421
1.726789
2.155148
2.433642
3.109311
2.113903
-0.039313
0.485063
-0.757676
-0.124915
1.208050
1.482411
1.310588
0.711525
2.013021
5.142747
3.863741
3.110584
0.435036
0.638559
3.633957
2.348477
-4.609356
-6.297273
2.333589
-0.802549
0.479952
3.596655
-1.611865
-7.230425
-10.235481
2.897973
1.314980
2.557974
0.489264
2.161891
3.861804
-3.166096
1.567554
2.627214
5.881629
2.806399
4.403133
4.058006
2.626914
1.807058
2.026634
12.036180
0.966362
3.490868
3.689758
4.035005
2.954576
3.034808
-2.127739
0.227979
-2.984807
-1.896204
-2.130527
-2.325362
-2.258766
0.767546
-3.713366
-2.174112
-1.790767
-3.369600
-4.451310
-4.578752
0.310697
-2.489757
-9.796252
-11.624744
-12.972763
-8.127065
-5.220196
0.188896
1.587114
-3.702960
-7.054411
-9.306505
-1.126271
-3.635095
-0.657571
-0.489750
-5.946853
3.192930
0.432243
-1.313280
-4.631826
2.728851
-3.637815
-5.840564
-1.667665
-2.887241
-3.210688
-2.884381
2.812022
-1.686284
0.472936
0.559619
0.391382
-1.228801
-1.651246
-1.932062
-1.586415
-0.021954
2.443059
2.315253
-2.550911
-2.921679
-2.247254
1.012646
-3.429140
-1.717635
-0.496105
-4.490995
-1.698680
0.671571
4.438953
3.775394
0.837403
-1.459931
-4.447208
-2.669696
1.085212
3.567507
3.504659
6.911856
3.223495
-0.177920
-1.008091
0.574245
1.693889
0.481676
8.580118
-1.788695
-0.193573
-0.909188
-2.251334
0.153158
2.179228
5.273075
1.954216
1.533955
-4.627243
15.526470
-0.935073
0.946576
-2.434472
-1.777439
0.544622
4.419637
-1.037462
-0.478050
1.247152
-1.921522
-0.837689
0.476169
-1.524132
-1.379926
-4.381926
-6.928378
-6.571827
-8.450603
-0.320512
-1.362683
-3.343317
-8.508257
-17.004835
-5.318688
-3.305266
-12.015270
-5.473898
-2.171049
-3.675116
-5.944757
-5.844029
-7.814790
-5.829423
-3.132085
-0.944567
-5.035161
-12.880692
-3.609181
-5.055431
-5.064355
-0.762497
3.035684
-1.633373
-2.461341
-1.229527
-1.761097
-2.251981
0.788172
-2.460554
1.118733
-1.071285
-0.024213
0.008676
-0.154276
-1.181973
-0.596609
-1.709700
-2.170030
-1.048557
-0.473710
-1.525081
-2.350067
-2.275424
-3.620486
-0.992889
-2.542470
-0.486030
-1.703133
-3.752397
-2.950974
-1.998336
1.209666
1.004563
0.451632
-3.360485
-5.611793
-1.776952
-1.492939
4.171458
4.833915
0.359797
1.090744
-3.237638
-0.959264
-1.198966
-2.614401
-2.246359
-1.369729
-0.792913
-2.350660
-2.874685
-3.769265
-3.952646
-5.521647
-3.792250
-3.531501
-3.294541
-20.009762
-1.075067
-6.584247
-3.298508
-4.129517
-4.031375
-5.577466
0.151748
0.991607
1.238109
3.599350
3.524048
1.186206
2.709805
-5.904648
-1.527509
2.837436
3.240776
7.372253
1.842077
1.119142
-2.505461
-0.988833
-7.831819
-10.245167
-6.888456
-0.874912
2.616629
-4.882245
-0.368934
-1.368833
-5.932298
-5.551610
-1.708287
2.883854
-2.969521
1.789781
0.499802
3.795332
3.586759
0.261120
2.183120
-8.029673
0.026730
2.547136
1.600753
2.952688
-0.345465
1.767263
-0.010325
-3.245527
3.620215
2.772604
4.373259
2.271845
2.788447
-2.719371
-2.207608
-2.205134
-0.453012
1.343649
0.138301
-1.006075
1.318366
-6.532351
1.026012
-2.041311
-0.117849
4.061450
2.079739
0.245261
-4.145301
-2.831817
-0.748641
6.372777
1.018525
-0.703316
2.058997
-1.392359
-5.246379
-8.715912
0.323191
7.609374
-0.930883
-0.897218
-1.776676
-7.755692
0.779404
-1.314272
3.528248
-1.083255
-1.157040
0.473625
-0.924623
-0.501277
0.151112
1.386387
-3.127280
-4.538243
0.334876
-1.955595
0.069019
-0.790609
-2.027887
-4.513131
0.082501
-0.622058
-1.383749
-2.956429
-3.861012
-4.214574
-4.950898
0.166328
-1.558469
0.187390
-0.506680
-1.454373
-4.006835
-4.880638
1.270856
-3.656440
-7.593461
-1.811120
-4.256680
-2.627100
-2.991565
-1.911718
0.425423
1.522322
-3.823337
-7.047987
0.250842
-4.112141
-0.853290
0.804457
2.336963
2.783412
-3.699124
-3.055866
-4.424001
-3.040644
0.845125
3.183739
1.094331
-0.892837
-2.135222
-2.798903
-4.000929
0.537120
-1.830193
-1.280194
-1.747532
-1.925739
-2.306519
0.500271
1.706412
-0.089301
5.241162
4.353799
-0.686457
-0.265679
-2.453222
2.180323
-2.089885
5.046664
1.554825
-1.496373
0.151437
-2.024789
2.038867
-7.327851
-7.079964
-8.700284
-0.404634
0.561867
-2.417928
-2.339080
-6.423917
-8.944110
-10.458236
-6.502066
-1.304969
-1.351425
1.374185
-3.328373
-2.864076
-7.852261
-3.965802
-0.461934
-1.727958
2.109912
-0.947647
-1.040104
-3.670220
-1.232113
-0.593598
4.230607
2.141829
0.208871
-0.832402
-0.765717
1.737114
-2.814309
1.471079
-1.475271
0.516666
1.308459
1.779739
1.040513
-1.448815
-1.553086
3.306501
-3.295857
-2.441077
-4.566997
0.306827
0.457224
-1.554160
5.176121
1.326799
-5.548109
-5.335362
5.058032
2.158356
-1.774903
1.602537
2.610383
-1.621902
-2.157001
2.555445
0.385581
-0.961671
5.290788
6.463390
-1.028362
2.834410
5.421471
-0.834265
-0.738473
0.418534
0.218368
-2.346205
-0.283228
1.372211
-6.758344
1.248463
0.554187
0.791856
0.101563
0.542598
0.446127
1.649533
1.157748
0.326051
-0.821011
-3.129731
-3.949063
0.093278
0.939404
0.419389
-2.698009
-1.438394
-5.832745
-4.363303
-1.458742
0.954405
0.642233
-1.098579
5.705079
10.920544
8.141833
-2.284701
-1.477996
0.641139
-1.587015
2.667975
13.638137
8.074367
-0.462819
0.580456
-0.173033
-3.088568
-3.415406
2.799413
1.781826
-1.012637
0.932087
0.301437
-0.283743
-0.823599
-0.958661
0.057641
1.886462
1.608591
-3.400214
1.188544
-1.462071
-1.919735
-1.131689
0.210291
-0.006907
1.303802
1.416854
-0.402925
-0.725212
-0.500103
-0.175675
2.521658
-1.039950
-1.598956
-1.090623
-0.766067
-0.020068
-0.045924
-0.535868
-1.247478
-3.383023
-2.040048
3.440929
4.196824
-5.418419
-2.328280
-0.749880
-1.459709
6.492037
9.071665
8.755540
-0.633766
-0.395072
1.980473
0.497056
6.788893
6.713155
11.008150
2.994988
2.392042
0.560349
1.782451
0.410670
1.731110
2.454229
3.155342
2.285480
-5.193697
-1.584977
-2.207980
0.801181
0.615766
-1.988646
-2.325369
-1.240810
-2.868220
-2.014825
-6.264821
-6.300849
-0.799502
-2.001527
-4.784639
-3.757715
-4.621331
2.372034
1.055350
-1.490669
-0.387797
-2.916305
-5.479235
0.242627
8.672063
6.502894
-6.377798
-5.028022
-1.215246
-4.835557
1.973922
16.004417
11.242560
-3.785962
-1.648722
-1.497298
-6.813735
-5.756073
-3.399876
-4.053576
-8.866718
-2.496217
-0.010916
2.591336
-1.539128
-0.680984
-2.963393
1.304498
6.209765
-17.710974
-1.973739
-10.081159
-7.476792
-7.692061
-7.099770
-11.529617
-3.404346
-1.759934
-1.885629
-0.143898
1.292981
-0.686430
-5.523829
-5.988437
2.914689
0.608699
-1.029000
-0.298490
-0.294362
-3.125626
-4.163389
5.605399
6.391822
-0.609812
-2.710243
2.794563
-0.599623
-5.662601
3.631615
0.172398
-3.727857
-4.748663
3.252342
0.028116
-6.031073
1.231527
-3.687541
-7.339925
-3.230048
2.762363
-2.604383
-11.645899
0.186795
-0.557820
0.383106
1.926503
1.378633
-7.763222
2.132410
0.953469
-0.105649
-1.354944
-1.662018
-0.143008
-0.273098
2.353897
-4.619155
-2.606628
2.446102
1.914231
-4.163501
-0.702436
-0.961693
-0.051601
0.258598
7.789543
5.545384
-3.573106
-2.159968
-0.299691
2.474874
0.314486
0.759493
2.578443
3.672880
2.172306
0.463836
-5.197716
-1.561341
-3.732122
-0.911040
0.475226
-1.358514
1.345312
-3.533465
1.121865
-2.606584
-0.958439
-2.344476
-0.068122
-1.596981
-0.515242
1.289999
0.180328
2.057570
-0.510700
-2.889759
3.486058
-1.279465
0.000493
-0.431983
-0.078082
-0.527146
0.680395
-1.382069
-2.010677
-2.349932
-0.807031
-1.414568
-1.643988
-1.992893
-1.071135
2.778932
-1.837728
8.727848
3.132736
-2.646622
-1.440632
-0.489117
4.535925
2.943392
1.766486
0.608144
4.807468
0.251518
0.678604
-1.136728
2.609800
-0.328688
2.917164
0.723395
-0.962005
-1.228493
-1.226378
8.913773
2.039133
3.887362
0.929571
-0.448983
0.463892
-1.363792
-0.862590
-1.986757
0.625688
-0.491294
0.302963
-3.435981
6.373507
6.367594
4.785557
5.849910
5.718899
8.225760
-1.209687
2.849311
-1.036194
2.103611
3.323341
0.251307
1.310094
-1.044492
-3.189191
-0.641695
6.697406
4.728725
-4.838940
-0.958711
-1.659410
-8.038010
-8.826633
5.756758
1.774624
-8.304958
-2.465572
1.147960
-8.041890
-6.441784
2.280721
-1.944361
-7.035287
-2.924152
0.421511
-7.788297
-2.462810
5.224040
0.291241
-9.880787
-4.239876
9.997807
4.722219
8.217939
6.211243
7.171093
2.352639
8.373555
-2.185236
-2.408234
-6.047791
-4.721116
-4.350596
-5.125713
-3.633353
1.331804
-8.787576
-7.177500
-1.321622
-0.691264
-5.070371
-2.050425
-3.971153
-6.076165
-5.518496
0.574288
5.484130
0.837784
0.056741
-6.817928
-5.600661
1.297616
-7.088672
1.370937
5.163010
-2.820149
-3.707528
-3.895978
2.791826
-0.856261
5.026965
7.296421
1.633926
-2.245279
-3.858195
3.397880
3.906321
8.688304
2.601453
-0.601143
-1.670041
-6.681965
-4.479680
-0.627887
0.526659
-2.812860
1.347168
1.325634
-1.850260
-2.267101
-2.327094
-1.695500
-2.419685
-2.182020
-1.762511
-1.780343
-1.129614
-1.124750
-1.002997
-2.842662
-3.429913
-0.314218
-1.334224
-1.086815
-2.708951
-1.013061
-0.274787
-1.576641
-0.813536
-5.608086
-7.666203
-5.371957
-5.213225
-7.821025
-3.329208
-0.090739
-0.855904
-1.942033
-0.412895
-0.674756
-3.988604
-2.452071
-0.864108
-1.409637
-7.100160
-3.374177
-5.895500
-2.746131
-2.850232
-2.229056
-3.529341
-4.120200
-2.845845
-5.056479
-4.267428
-4.396612
-1.903946
-0.753278
-0.107099
-1.035129
-0.958128
0.600847
0.604878
-0.117275
-0.095033
5.229479
4.305643
5.195154
4.311047
-0.344731
-0.134397
1.714889
1.321250
2.381750
2.907156
4.975727
2.686357
0.823546
-0.511534
-7.106941
-1.429023
-2.473121
-6.560370
0.426268
-0.172225
3.663428
-3.743438
-7.888808
-10.450326
-2.453079
4.093165
1.083414
3.244270
-0.896831
-0.812680
-3.222925
0.375194
4.566666
0.019163
1.846855
1.714872
1.853468
0.991773
2.526635
-0.438003
-0.460154
4.251084
1.962584
-0.272197
0.026991
1.354821
4.546106
3.345287
1.481966
-1.579028
0.576125
-0.787090
-1.050346
3.007588
1.165022
-3.954065
-1.402160
8.803011
5.001151
-3.341222
0.930140
-0.784428
-1.119489
3.872623
7.168196
4.477526
-3.236296
0.122943
1.574297
-1.677505
4.815088
9.432106
6.936663
-1.004086
1.520975
2.679248
-2.897529
2.159934
-0.433002
0.364335
-1.276080
2.068204
2.520852
-0.250299
-0.479702
-1.542182
-3.957835
-2.030039
3.739581
1.692901
-0.468540
4.618768
4.175819
4.471793
3.280231
3.857381
-1.366192
0.429335
1.015794
0.917390
1.209043
-1.191931
1.914186
1.378542
2.670477
3.730785
2.220211
0.465845
0.713202
-0.729323
3.743026
0.164223
-8.454735
-7.636339
-1.524809
0.098574
1.387680
4.693845
0.169022
-5.200238
0.418442
-1.740237
-2.574462
0.005984
2.671701
-0.740982
-7.796130
2.290298
-4.476300
-1.764517
-0.870557
7.679868
1.225952
-0.216183
0.889178
1.503622
-1.909140
6.509209
-0.116958
-0.152456
1.063225
2.229990
2.027670
1.013637
1.093328
1.092511
2.944349
2.152497
2.456671
1.686709
2.017660
1.782178
1.224057
1.428644
1.600800
-4.508246
-4.131040
1.551541
1.277781
1.497069
-1.300284
-4.711615
-2.741368
-2.178057
0.366196
-0.871071
3.681662
-0.051072
-2.179773
-3.279364
-2.607028
-0.607043
-0.905091
3.654356
-4.728313
-9.692429
-5.014192
-4.059680
-5.680981
0.375978
2.760813
-0.081488
-2.326072
-2.340725
-2.752941
-1.700752
3.052137
1.935819
1.369546
1.681345
0.796876
1.199610
1.974875
2.008431
2.654353
-1.821228
-0.113915
0.240590
1.345390
-0.503107
-1.069217
1.550607
2.239748
-1.159449
-1.238317
0.219414
-1.159865
-0.759686
0.967274
2.308838
1.935097
5.312027
3.103284
1.738489
-1.252281
1.310755
-0.885353
-0.438343
3.580883
3.121352
-1.634044
-1.398997
2.046929
0.361258
0.825081
-1.927794
3.454856
1.960000
-0.792045
0.217074
-1.641420
-2.142338
-3.708508
-0.230414
-0.672652
-4.752864
5.029986
-1.011696
0.261627
-0.404620
-0.602130
0.127577
0.991376
-2.554183
0.183337
1.327935
-0.982378
-1.440376
0.239156
-2.448987
-2.034520
0.951511
3.149387
3.330310
1.960180
1.646767
0.475168
-1.048687
1.235899
3.724427
3.762679
0.125486
-1.969669
0.347200
1.090451
3.197416
3.255207
9.011900
8.279013
4.580945
5.084745
-0.403764
-0.390836
-2.684459
8.978146
0.466994
-0.300871
1.447991
0.751988
2.104564
6.960543
8.911257
6.265765
3.844384
2.135557
-12.833021
-0.716415
-7.733136
-4.481723
-4.426074
-5.100788
-6.556044
-2.878817
0.664409
0.071952
-0.390401
-0.470551
-0.541476
-0.874620
-3.789132
0.543678
5.635229
9.601021
5.746799
1.969800
-1.437970
-1.877256
3.563361
10.259359
14.232166
7.255508
-1.278340
-4.470617
-3.211463
6.019798
8.593016
5.614397
4.439459
1.745622
-2.337132
-2.963571
5.099871
6.728654
2.148009
6.723228
2.303885
-3.562634
-6.448226
2.848426
3.521022
4.239559
4.149449
1.792588
-0.847921
0.228930
0.502460
-0.732724
1.146972
0.644060
-0.754076
0.947661
0.123387
-0.697541
-0.008118
-3.082380
-1.994912
-0.789285
0.413968
-0.371379
-2.501276
-0.270500
-0.774390
-0.126173
0.642805
1.838104
0.610503
-2.469657
-0.004363
1.631236
3.866522
-1.084433
1.256565
0.325839
0.954068
-0.499207
-2.035850
0.826685
-0.027393
1.537025
1.071170
0.767552
-2.056167
2.637364
1.239501
0.786088
0.280631
0.992788
1.503352
1.159523
2.627320
1.324598
-0.067036
1.445847
5.584937
1.884314
-0.075482
0.865086
1.091525
0.532927
1.418644
1.630773
0.051105
-2.192059
1.166072
2.415518
-1.043760
1.366912
0.620702
1.828349
-2.307865
-4.832738
-6.776453
-2.018644
1.066708
0.489477
3.251677
-2.676882
-10.006736
-9.957354
3.714273
1.250756
0.999157
0.963955
-1.815316
-3.419107
-4.093791
4.330939
0.263885
0.598177
1.534538
2.403841
0.272937
-1.606936
-0.016801
-0.258129
2.292711
0.002773
-0.281870
-1.212259
-0.462568
-0.684710
-0.336703
-5.787151
1.199299
0.245506
1.367620
1.237820
0.819361
1.667399
2.335757
1.360756
1.679630
5.656342
4.942677
1.014449
2.268909
3.118444
3.109893
-0.859135
3.481134
2.359855
-0.160470
0.086122
3.061121
3.289009
5.046679
2.454214
-0.505585
0.471891
-0.469801
1.759259
-2.282179
0.743489
7.264194
5.827842
0.855286
-2.086642
2.948796
-2.031972
-2.282836
1.221082
-0.087259
-1.270090
-0.510863
5.120246
1.512490
0.705990
-2.743527
0.097057
2.284337
4.150444
1.988083
-0.174710
-1.306932
-1.854448
-1.776544
-0.947531
0.885679
0.196521
-1.493639
-0.837735
3.156269
2.235620
-0.753590
-1.336466
-0.427068
-1.163763
0.466610
3.941457
4.545886
-0.396587
-1.577267
0.580492
1.691110
6.011216
3.077337
3.480628
4.474805
3.104321
0.240919
0.907394
9.062885
6.352654
8.921023
4.989935
1.175412
-1.549808
-0.811185
3.933653
3.063006
5.472053
0.510988
-0.525139
-0.932254
-2.880288
-1.574294
-2.982297
-4.048401
-3.472860
-3.417654
2.179966
-1.799295
-0.000706
-2.773214
-2.721308
0.879772
0.905118
-1.651050
-3.050222
-0.108698
-0.281780
-1.536567
-1.412913
1.108687
-0.153366
-1.810848
1.275822
4.860456
5.421499
-3.097847
-0.331512
-1.678223
1.116734
7.647771
-0.936461
3.626752
4.848116
-2.364917
-2.023592
-5.313289
-2.952560
-7.035845
-1.565731
-1.856896
-3.476766
-0.081384
-2.438485
-4.327764
-7.371362
-1.762590
-3.751805
-0.391839
-1.087057
-0.677040
-4.831032
-4.286822
-2.469825
-2.106807
-3.368015
2.910642
-0.926086
-4.378872
-5.209278
-4.517363
-3.349723
-1.397796
-1.071793
-6.693633
-1.393860
-0.305150
0.519336
-2.938494
-4.229421
-5.434822
-0.175653
2.175505
2.788404
0.921918
-1.023211
1.052050
-5.197337
-3.540407
1.628601
-4.977017
1.487076
-1.589915
3.025594
-4.503423
2.335507
5.548717
1.466169
3.422004
0.426445
3.273530
-5.083669
1.178967
-0.365885
-1.006652
0.755115
2.967823
0.305075
-6.201435
-2.952310
7.194879
3.513644
5.726368
1.312454
-5.282617
1.723032
-1.096250
-0.351322
-1.226954
-0.877780
-0.471455
-0.432787
-0.013652
-0.415275
0.617758
0.966680
1.810318
1.319630
-0.057084
0.643371
-2.104938
-0.898569
-5.428313
-5.119535
-0.687721
-0.622151
-1.109513
-3.017745
-4.219627
-10.035174
-9.895885
-1.873062
-4.131713
0.340181
-3.609090
-5.623693
-3.846078
-5.013976
-3.688409
-4.013905
-0.010285
-2.729616
-0.743281
-0.637311
0.045702
0.520438
-3.616353
0.121565
-2.192613
-1.030344
0.124772
-1.214509
-2.027879
-1.985223
-7.398648
-2.421382
-5.050260
-1.568770
-3.249138
-3.016945
-8.604327
-6.072513
-0.657730
3.013577
4.628404
6.933742
1.245034
-0.865799
-10.803579
6.810183
-0.222529
-0.986081
-0.082034
0.661176
-0.443820
-1.978062
10.877533
-0.493544
-14.859106
-10.014148
-0.306400
5.782340
-8.470816
6.630751
-5.241595
-13.034573
-10.433552
-2.892964
5.560262
-1.153610
8.433451
4.915125
-2.235094
1.666678
4.343112
9.283227
-18.596201
0.104359
2.801347
2.584280
2.843683
5.287509
-26.063755
5.140449
3.255689
1.753376
1.268360
1.444176
1.860824
2.987415
0.276394
1.794982
-1.164746
0.281230
-0.961211
-3.019989
2.706141
0.276502
4.734904
-5.053245
-0.408721
-1.701285
-7.936720
-0.143339
0.415332
1.164372
-5.549253
-5.654813
-4.538326
-9.645503
-1.656413
0.821094
0.857343
2.317097
1.317966
-0.762808
-4.945787
-0.432025
0.680586
-1.759452
3.828233
2.739529
-2.134022
-5.297482
-3.026855
5.480868
-1.116345
1.264348
1.456840
-2.572054
-4.028640
4.772497
6.028624
1.324190
4.280866
0.337308
1.099367
3.027300
3.016344
2.314984
-1.329917
-2.084786
-1.815753
-2.135778
-0.670809
1.715151
3.178189
-3.657224
-4.861597
-2.040049
-1.554402
-4.498102
-0.219679
1.543090
-1.340208
-5.291214
-0.179209
-0.828940
-7.596475
-3.877167
3.770918
-0.400463
-1.464798
-4.295963
-1.971606
-3.322231
-3.963565
2.744234
-2.250516
-2.174865
-4.477495
-2.481341
-0.639987
0.527542
4.197846
-1.876043
-5.405567
-2.142223
-5.994058
-2.805685
-1.008484
0.270528
1.284137
-3.379815
-1.517459
-1.381127
-2.567708
-1.140301
0.131009
0.314059
-0.188437
-2.005651
-1.514113
0.902429
-2.418930
-0.720363
-1.113204
1.003730
-11.841125
-8.722992
0.994341
-0.782361
-0.458562
-3.487500
0.171601
-0.916549
0.366913
-1.815837
-4.147633
-0.356064
-3.803260
2.038563
-8.338295
-2.062301
-1.833935
-3.063275
-1.677866
-1.394513
1.933656
-4.575525
1.337391
-0.087204
-2.170740
2.427594
0.281067
-1.021878
-0.894659
-2.067340
0.138298
-0.089962
8.749595
-1.759288
1.841900
0.145122
0.870098
0.967926
3.006052
2.515154
-0.658884
0.582828
-1.862846
-0.321682
0.058223
-0.073442
0.489472
-2.089481
-2.277504
4.394278
4.562331
0.552926
0.178197
-0.989015
-5.387296
-3.945499
11.243687
6.100294
-8.436954
-4.563274
0.143213
0.394183
0.056116
10.847655
4.180262
-0.115039
0.210687
0.007143
0.588085
-6.524287
1.241816
-0.008334
2.423149
-0.066966
3.851616
-0.734561
-0.236810
2.116171
2.321558
1.441907
3.121934
5.260963
-2.759357
4.112091
1.982291
2.590662
2.140331
3.957756
-2.509445
-0.102745
-0.896304
-4.383188
-3.439016
-2.539179
2.667701
2.259337
-2.436874
1.047285
-4.509951
-4.172786
-1.620576
0.516231
3.097666
-1.517223
0.526570
-3.858561
-1.347744
-1.080916
-0.559675
4.784851
-1.352354
0.465841
-1.371881
3.225603
0.796566
0.807271
4.102609
-3.013667
-2.048633
-3.342078
-5.015009
-5.399275
0.770800
5.307886
-0.577621
-2.043961
-0.980649
-2.277228
-2.213761
3.182418
4.066848
4.830372
5.450394
4.371408
4.261126
5.337539
6.604162
7.453547
1.298142
-0.869728
-2.422730
-0.128233
-0.784098
6.373888
5.100395
0.370070
0.621998
7.518519
7.394163
-0.414657
3.140586
3.128488
-2.107598
-1.396085
3.903469
6.133945
-5.266796
3.795233
2.643347
-4.873126
-5.198990
-7.482293
-6.346270
-4.810905
-0.361896
3.222544
-3.357203
-1.043244
-4.424811
-4.076304
-1.183339
1.405762
6.840014
0.975765
0.338240
0.555951
1.176793
1.107518
5.739229
4.621078
-0.121595
0.947167
0.173031
0.544569
1.503803
0.240383
0.485289
0.570761
1.727420
-3.212073
-2.445273
2.877503
-0.957735
2.992737
-0.104194
-3.001227
-6.530951
-5.642066
-0.263943
-0.394535
3.687736
-1.506804
-3.664295
0.505571
-3.898136
-1.625842
0.281748
4.101822
0.665960
-7.620503
-4.465752
-6.329006
-1.702821
0.559137
1.822368
-0.860370
-7.531352
-2.611301
-7.474745
-2.813768
0.203036
2.687874
0.781017
0.991354
2.030805
0.866009
-0.065956
-1.950888
-0.037354
0.490741
0.230715
0.459558
0.438837
-0.344051
-0.070696
2.342670
1.297321
2.892399
2.418503
1.097935
1.119390
-0.954730
1.665111
-2.119070
-0.710541
-0.958949
-2.067191
0.885884
-1.580626
1.953150
-5.075109
-3.277166
3.829532
5.053613
-2.401598
-3.938448
2.127936
-1.562272
2.312914
8.288908
6.709596
-1.487954
-2.110121
0.705377
-2.577113
-2.618617
0.752504
-0.315947
-2.910312
-1.164823
-0.212774
-3.945281
-2.786033
-3.262324
-2.479036
-3.155020
-2.411041
-0.704431
-1.574770
0.595144
1.769392
1.466259
0.729981
0.081444
-1.591232
-1.346097
0.918322
-0.428611
-0.536330
-0.406036
-1.914809
2.029287
-0.159638
-0.493248
-4.995305
-2.839305
0.719748
1.179863
2.599020
-3.007702
0.550433
-0.155774
-0.909142
-3.056088
-3.378111
1.716829
0.212653
-2.373420
0.089624
-1.101459
-1.527547
-0.043667
0.472229
-2.007606
-5.072019
-0.468534
-4.514031
-0.492700
-0.523552
-0.766211
-0.186712
-0.787414
0.558700
-2.429835
-1.109192
-0.839975
1.755741
0.680415
1.540285
1.210531
1.435005
0.990720
1.009957
-1.038165
-1.137519
0.195045
3.165486
2.707042
0.301256
-0.556935
1.554774
0.748291
0.489832
0.344152
0.334941
1.429477
0.966190
0.806987
-0.121541
0.184791
-1.022860
-2.447774
2.989008
0.776405
2.115685
1.743724
-0.921836
0.214684
-1.137757
2.008211
2.399310
1.101310
-0.071321
4.067595
2.255100
-0.045386
1.437876
1.410266
2.489447
0.157049
2.497757
2.532308
2.641863
1.886193
2.189616
6.695539
0.007407
0.468660
-1.076513
-0.572046
-0.113747
4.041354
3.337996
3.107993
1.556192
-0.031201
1.815773
2.877228
0.772612
4.571826
5.360523
2.990109
0.690363
3.461472
2.151204
0.803385
3.968073
2.397515
-3.172442
4.085591
4.969048
-2.767137
2.369474
4.542543
2.597955
-3.580422
-1.078815
0.762898
-0.715295
1.413805
3.169399
2.761705
-5.568689
-2.304877
-2.073539
3.303621
1.030485
3.759245
0.439340
1.358679
1.179476
2.620407
0.445469
1.917129
3.295014
-0.162545
-0.374181
-0.924290
-1.125856
-1.250107
1.534034
0.247684
-0.387039
-1.905748
1.582445
1.238835
0.643592
0.368091
1.047066
-0.678493
-1.075548
-10.208099
-4.879435
-1.364981
-1.318917
0.249115
-0.077588
-5.500159
-13.016228
-10.277081
2.726965
3.331210
0.331019
-4.042414
-5.578112
-9.566192
-4.484352
-1.741091
-0.506978
0.844766
1.320314
1.986979
0.437643
5.238825
3.540800
-0.892808
6.346498
0.051544
-0.171671
-2.325813
2.415966
1.332937
4.238099
-5.973662
-1.616433
-0.267271
-0.190670
0.314486
-0.586966
-3.099518
-5.259221
-3.243837
-2.102906
3.132942
2.892426
-2.944272
-3.900707
-1.748743
-1.745091
0.238778
0.779628
2.264493
-1.446906
-2.914688
-2.712280
-2.192141
-0.432602
-8.506090
-2.728729
1.345438
-2.700007
-2.530045
-7.696600
-7.302300
-14.183580
-2.362179
-5.544645
-4.134624
-1.536186
-3.227109
-1.536773
-7.535274
-2.431368
-4.768238
-2.119104
-2.211656
-1.237723
-2.569970
-4.700645
-2.685419
-0.643073
-5.111719
-11.130032
-3.226575
-4.723912
-4.146637
-3.770691
-3.725823
-5.205307
-1.520401
-2.423426
-3.003227
-5.818918
-4.452677
-2.503491
0.573586
-0.365090
-1.735274
-4.239463
-0.370927
0.439355
-0.434653
0.602560
0.206137
-4.262435
-8.301788
2.427363
0.299928
-8.994341
0.828585
-0.264395
-2.618648
-12.146852
-6.177554
-9.440985
-5.488556
2.088712
-0.659398
-2.460272
-14.575491
-12.621204
-14.986010
-5.156395
3.092998
-0.603013
1.316321
0.299538
-0.805080
-0.428504
0.945536
3.136884
-3.640071
-1.407733
-1.413659
0.006791
-0.637231
-1.504438
-2.103568
-0.779328
0.137573
-0.337336
0.432005
-0.257913
-0.454759
-0.615808
-0.756103
0.243784
0.031473
0.221794
-0.998049
2.010841
0.348206
1.912670
-1.459253
-6.344706
-3.302558
-4.670220
-4.430206
-0.590333
0.320682
-0.342879
-1.780521
0.697525
-0.571291
-1.199240
1.082328
1.137129
-1.138330
-7.344654
-1.140697
-1.469517
-3.053236
0.704762
-0.934179
-0.016676
-1.481810
0.018208
-1.162207
-0.357679
-0.722955
9.069680
5.435882
4.477133
2.320723
2.575567
3.269164
6.192420
5.717239
1.202207
-0.114693
-6.306152
-6.158514
-3.015027
1.062706
1.404827
-4.718761
-3.717927
-4.216156
-7.578545
-6.839144
-0.886196
1.439758
-2.373000
3.567767
7.859197
1.310838
-5.212120
-3.100881
1.147840
-0.471101
3.737899
6.186482
2.180974
-0.964432
-3.337390
2.855966
-1.695161
0.809850
-1.454615
-6.441085
-6.295968
-1.166270
4.971724
1.516913
0.881627
-1.036787
-2.020583
-1.399872
1.533161
9.331217
-1.266551
2.834034
1.171631
1.898359
1.377652
1.733650
4.237713
2.848112
3.330461
0.596568
1.687553
2.636693
4.721608
6.275102
2.730947
1.738442
-6.672125
-6.760556
1.419315
7.148118
4.934780
-5.558230
1.297169
5.083715
2.580171
-6.814199
3.881452
8.432322
-1.692976
-3.569170
0.574304
-2.634837
-5.115199
3.396122
6.549387
0.184685
-6.003615
-2.836279
-6.561486
-1.040373
4.696889
8.249722
4.524586
6.645838
4.639036
3.824075
4.518749
2.832888
17.249708
3.057992
7.189778
3.126038
4.102838
5.386969
7.722216
-0.684689
3.020490
2.286667
-0.646662
-0.794485
-1.190506
-0.716041
4.689500
3.790835
4.089112
2.234581
1.874862
-1.721923
-2.196308
2.948547
4.422184
5.327658
8.957666
8.946926
1.168572
0.063574
3.335272
2.203603
-1.566025
5.563540
2.246222
3.084504
-1.619155
4.291273
-0.380701
-4.046576
11.168585
1.595922
-0.487996
-4.203835
4.248785
-4.635324
-1.129114
-0.493169
-1.452265
-4.638919
-2.769897
7.926899
-1.096435
1.256397
-1.372651
-0.634202
-0.510528
2.342937
-0.841327
-3.803640
-3.984045
-4.747392
-3.459963
-5.023658
-1.906410
0.122102
-2.258577
-0.604748
2.883414
2.205874
-3.192811
-1.324934
-0.838585
-3.106622
2.477483
17.709448
11.943666
-1.079615
-1.711702
-0.529951
-2.857221
4.960059
13.870143
6.448508
-2.357435
-3.438934
-1.194408
-4.579780
0.109659
3.579430
2.088244
-1.919315
-1.874805
2.594255
-2.351521
-0.770297
-2.888070
-0.505790
0.165636
2.540614
-2.629246
-1.182299
-1.704016
-0.792895
-0.361398
-1.625403
-3.166715
-3.105973
0.478692
0.189981
-0.323111
1.377771
3.814888
-0.738893
-3.057903
-0.079448
0.473658
4.256230
6.519610
6.891967
3.574726
-0.879980
5.556009
7.014493
-1.655412
4.781791
10.232319
6.771894
-1.451666
4.550005
7.918927
4.543283
10.353220
14.646293
6.865366
-1.369646
4.334732
9.436742
9.876925
10.468095
7.427167
5.539968
-2.725650
-1.809669
0.391730
2.504279
2.897967
0.963724
-2.726515
0.479848
-1.751163
0.674055
-0.553087
-0.752973
-1.256746
0.267365
-2.961766
0.177653
-0.202400
1.636581
0.614968
-1.957057
-0.887422
-1.799309
-0.749946
1.181702
-0.111893
1.340198
2.418004
0.288060
-2.156427
-1.999670
-8.409836
-8.444206
-7.365606
-3.098182
-1.767784
-1.145362
1.734399
-5.940962
-7.318593
-3.740348
3.570880
-1.342399
-1.745419
-0.015130
2.327550
-0.636768
1.634067
3.031640
-1.889105
-0.947929
-0.594965
-0.131397
0.455431
1.301466
-0.224514
-0.555012
-5.006486
-0.337664
-1.010614
0.226483
-0.166185
0.179897
1.116730
-1.031604
3.223556
3.102883
0.296693
0.589936
4.077629
2.823848
0.932385
0.172339
-2.955816
-6.648711
-7.196418
1.891509
1.783792
1.355604
1.778963
-10.114919
-9.295687
-10.157850
-0.694965
3.909910
-0.027914
3.365311
-7.088285
-4.329045
-7.373991
3.014610
5.205918
1.219063
2.897128
-1.284601
-2.393724
-6.021595
0.091353
5.586060
1.187773
2.774166
3.592142
5.174749
5.162333
3.636156
4.364129
4.369172
0.546982
3.300398
0.657762
1.177649
2.278909
3.328413
1.074940
-0.348003
0.292686
3.168978
3.620392
-0.053619
0.372847
2.107718
1.836059
6.126122
4.304709
5.064338
4.125111
2.323292
1.982716
2.090140
-0.646118
-4.361449
1.720128
3.486380
5.007878
3.369105
3.788850
3.662770
-1.974838
3.610613
6.366941
4.409513
1.990998
3.569614
6.475595
3.039310
1.867540
6.335587
2.871154
5.830777
1.781074
6.474064
7.747920
6.921731
4.840367
4.118509
5.048959
-2.260372
-0.521111
-2.508318
-2.034430
0.188858
-1.871695
0.700341
-3.307135
-4.399160
-1.139808
-2.735387
-2.831099
-4.181819
0.652368
-2.396235
-0.027581
6.455893
5.374520
-1.705783
-6.326756
-1.366565
0.099769
0.601008
-2.035294
-1.450574
2.988029
-4.963676
-0.391866
-2.411985
-3.427119
-1.854527
-3.663684
1.169198
-5.900610
0.346749
-1.941651
-1.065533
-1.303588
-1.153849
-2.289464
-3.577534
0.238468
-3.768915
-6.371149
-4.379663
-3.282143
-2.368855
-5.179426
13.584637
-0.594951
11.064638
5.290464
6.905026
8.325685
11.776716
-0.843872
4.927345
-0.306350
4.045287
2.760038
1.090526
3.594847
5.620308
-2.836787
-4.236442
-4.405247
-4.701661
-3.479713
0.154365
5.668302
-1.706440
-1.803150
1.447793
6.490700
-8.018859
3.338900
8.226439
-4.053992
1.278268
0.221821
4.819841
-1.050538
1.573369
5.248608
-0.970774
-3.859053
-0.123449
1.148900
-1.347533
0.558923
10.377158
-0.932139
-0.017048
-2.738359
0.284077
-0.477324
-1.054638
-9.168216
-4.910460
-3.567950
-1.675551
-2.316077
-2.888568
-2.206555
-3.488483
-1.113595
-1.393436
0.000887
0.031379
-1.428750
0.355109
-4.706116
-1.714154
-1.502406
0.798645
1.150173
-1.666878
-0.115512
-3.964137
-1.455910
-2.085274
-6.999144
-1.023861
-1.941459
-1.576879
-4.754691
-2.585047
-3.599953
-3.564235
-0.576749
0.535763
-1.440249
-3.680225
-1.222657
0.229934
-5.836708
-4.756018
-3.528977
-1.134891
-6.143882
-2.633857
-2.522712
1.240780
-0.882639
-1.838734
-2.258374
-3.543621
0.598181
0.743078
0.137052
0.687874
1.339918
0.382920
0.514279
1.420929
0.587476
0.417947
1.435755
2.084345
1.905206
1.222043
2.542087
1.934579
-2.722646
0.895836
1.466151
2.280356
0.436611
2.339438
4.248321
4.607696
7.448273
3.556725
1.407982
1.893096
0.573072
2.103542
6.431671
5.115864
-1.473342
2.009325
0.176941
0.244917
2.083373
1.899582
4.472459
1.127047
2.495966
-0.866150
2.259343
3.784858
1.859509
4.466314
3.746793
0.290079
-0.907455
-1.124192
-2.437402
-3.266670
-2.744174
-2.307938
-2.841496
0.677412
-2.124857
0.006996
0.409843
-0.084909
-0.994014
-3.498735
0.380069
-0.790224
0.039552
0.726310
6.121813
1.907458
-0.553896
0.792782
-0.171863
-5.076666
-0.581591
0.626179
-2.455164
-2.732506
0.710215
2.999659
0.077456
-2.214926
-2.327527
1.824938
-0.250637
0.636793
2.844543
0.749213
2.870842
-2.649809
3.371674
0.161608
2.040717
-0.226058
0.025103
0.735807
-1.478242
-0.643727
-0.465745
-5.181974
-1.241795
-1.577936
-2.197248
-1.957908
-2.493744
-2.838297
-2.162546
-0.211986
-1.401644
0.962222
0.301377
-2.496424
0.541774
-2.443868
2.572948
-1.768342
14.691727
10.282242
-2.127747
3.191573
-2.220955
3.258516
3.755995
5.797169
3.535645
5.572573
5.817008
-0.871954
1.368301
5.610234
4.476457
1.311136
2.560780
3.098072
-1.402271
0.517596
6.540905
4.175863
4.188075
2.955453
2.753299
-3.849878
1.348465
3.117097
1.117105
2.890854
0.648328
-2.534741
0.945833
-1.610012
1.191069
2.095932
1.771662
0.298860
1.289068
0.620359
5.756394
3.917697
5.469216
4.605421
2.772017
-0.711274
1.546473
4.518995
5.881901
3.985484
4.109055
2.088433
-3.210285
3.016610
6.422865
-0.121669
-10.180390
-6.376678
3.172906
0.188968
2.375119
3.197060
1.775323
-4.365956
0.929975
1.470079
0.220973
-0.369743
5.106915
-0.470249
2.425673
-1.238864
1.608428
-0.244841
-0.840110
0.920652
1.104785
3.915309
1.874315
0.216332
0.466281
0.018541
-2.946567
-0.111976
-0.999266
-0.665444
-1.115930
-2.063000
-3.162684
-0.492004
0.187855
1.448869
-0.157513
-0.301770
-3.239427
-1.016270
1.180118
1.731114
-1.123144
0.362975
2.078215
-1.447510
-2.249085
1.954406
-0.768359
-2.704004
-2.557622
2.046228
-0.273224
-2.819471
1.442345
1.174398
0.890703
4.148182
1.421629
-0.871516
-3.051954
-0.284741
0.407225
-6.133297
-0.774786
-1.323507
-2.214926
-4.282209
-1.739662
0.838658
1.184132
-0.182742
-1.762126
-5.000699
2.629982
-0.833234
-1.454767
-1.304877
-1.417589
-1.739334
-0.590709
-1.022536
-1.843675
-1.586041
5.066251
4.353403
-1.763329
-1.015444
-2.120360
3.537779
2.321222
3.173281
2.930965
0.577333
0.448279
-2.616516
3.600200
2.742562
0.915747
1.048812
0.317744
1.937527
-2.580464
1.220161
6.870529
5.253155
3.221769
2.845706
0.192690
-1.572936
1.732996
5.350118
8.026665
7.689629
3.810917
-1.433693
0.360479
-0.532168
0.865118
-0.589843
1.640770
1.744000
-0.440945
-3.197163
0.718271
-1.225466
-0.991615
-0.974086
-0.620393
-3.037097
1.187337
0.391250
2.251139
-1.477787
0.070530
1.023090
-0.591399
1.760937
2.008475
3.094538
-5.199746
-1.980666
2.248823
1.272453
2.205931
2.548261
2.655370
1.120212
3.325934
1.877560
3.214741
2.419499
1.699144
-0.429574
-2.306718
1.998020
2.181795
2.180862
1.200654
0.311063
-7.304301
-3.959532
-2.262055
2.342845
1.269101
-1.051448
1.089572
-0.372651
1.490702
-0.897119
0.153072
-3.067123
6.766459
2.180595
5.935493
3.529216
4.303844
5.695612
8.312924
0.315519
1.336428
0.969189
-1.258757
-1.037156
1.451667
4.155269
2.804930
-4.310540
-0.449345
-14.272345
-10.258941
-0.927284
-0.955130
0.859394
-2.012763
-1.131777
-4.803302
1.957837
1.845383
-0.685450
0.897254
-2.360926
0.646241
-2.561574
-0.149425
-2.855274
-2.277143
4.857026
0.011258
-0.306039
-4.713212
2.668480
-0.658675
-0.900794
6.112865
-1.850507
-2.227465
-5.020789
-3.143529
-2.968750
0.364175
2.220263
-2.872996
3.282359
2.418739
2.556313
2.156026
-0.068782
-3.689212
-0.480424
6.769390
3.764980
2.608535
2.324863
-2.785277
1.556753
-1.991981
9.937950
-0.702018
2.546822
8.576740
-0.508126
1.324720
-3.260747
-2.644232
-17.631733
-8.377188
-4.694273
-4.119923
-1.326812
-0.786486
-0.947082
-17.544775
-9.864574
2.804142
-0.766784
0.370186
0.326754
5.895669
3.314412
8.408088
5.595539
-1.359747
1.115373
0.629634
-0.378830
-1.777116
0.847131
4.662202
-7.397120
2.034681
1.823614
-0.023202
0.602449
0.635281
-0.288841
2.917611
-0.120917
1.603201
-0.436140
2.305761
2.430614
0.047169
2.004009
0.126579
1.347984
-1.754453
-0.065871
0.932296
-1.919981
-1.006238
0.320321
-1.980763
-8.541100
-4.019136
-3.909921
-1.377422
2.328941
1.541363
-1.922619
-3.463738
-3.489222
-0.387139
-3.241430
-0.083578
0.664868
0.669368
1.510945
-2.134120
-1.059639
0.051635
-1.999225
3.612504
2.270232
2.807541
0.740766
3.310596
1.840884
6.889119
3.056133
-1.113437
0.796718
-1.241340
-0.401053
0.414028
-1.686349
-2.169955
-0.890945
-2.227351
-2.056881
-2.208864
-2.534992
-4.463042
-0.710954
0.561185
3.093901
9.774721
9.910520
-1.830579
-4.173716
-0.492475
2.671887
11.472691
12.921047
15.461713
5.821244
-1.102983
0.127820
-0.462965
2.361887
1.453680
6.715434
-0.136338
-2.425851
-1.773017
-2.573293
0.761533
-8.496069
-0.277596
0.512394
-4.633633
0.165992
-4.567360
0.820684
-0.748258
1.109016
-1.417884
-3.248873
-1.521854
1.543626
-2.376361
1.853697
0.763896
-0.884631
-2.540380
-2.184793
0.731272
2.487281
4.144597
4.776286
1.254878
-0.768148
-3.632801
4.430977
-2.167863
3.187580
4.107835
-0.319694
1.059482
-2.413057
2.619306
3.488387
9.060580
4.592371
1.336033
-1.374743
-3.662564
1.303276
3.943833
12.825771
6.558720
-0.852486
2.007639
-1.907499
0.242839
1.521615
8.185520
6.446546
0.435307
1.091285
-3.875503
0.480614
1.325039
4.266910
6.043978
1.568471
-3.587318
1.817534
1.635271
4.547581
3.086290
3.802327
5.012432
5.765866
3.047687
1.881851
-1.772838
-0.342822
-0.457087
-1.151645
5.351711
-0.701407
1.224751
-0.371359
2.462754
5.666145
-5.986799
-0.265156
-0.085282
2.469676
12.629929
5.325952
8.280563
7.017036
2.363904
2.601006
-3.208606
4.661919
3.829310
11.326584
2.778953
0.394320
2.248004
-3.776339
0.367913
-4.853000
4.404212
-1.935830
3.109307
2.919247
-1.355001
-4.553442
-5.084035
-0.064589
-0.987768
5.424693
7.930418
0.518298
2.601624
-0.979155
-0.083647
2.393821
3.987898
1.056556
-0.331525
-1.721644
-1.787628
-2.797028
-1.315672
1.594466
0.585551
-2.706068
-1.801235
-0.430271
-3.115860
-3.476914
-0.570501
0.115899
-2.739362
-1.622100
-6.447947
-7.268923
-2.341304
-4.233526
0.298375
-3.370746
-8.026989
-9.503422
-10.552254
-2.506244
-3.278000
1.349841
-2.506462
-5.972770
-1.488907
-7.639140
-4.939731
-0.514240
3.341802
-0.549386
-4.680934
-4.074975
-5.753530
-4.155184
0.474568
-19.774254
-4.718902
-9.368490
-6.885569
-8.017101
-9.421189
-15.009168
-7.893158
-0.454549
2.953072
4.564041
5.167528
1.417247
-4.925417
-10.024486
2.366053
0.895163
1.357744
0.903594
2.112058
-4.708881
-5.130137
0.152131
-5.715769
-1.029048
-0.096525
-0.952646
-2.401074
-6.013405
0.090608
-6.062072
1.147795
-3.694492
-4.605808
-0.818503
-5.917133
3.091218
-1.403883
5.005196
-0.237980
0.832285
1.767630
-16.581573
-2.876503
-2.302461
-2.213198
1.567005
0.291851
-14.282215
0.019756
-3.145308
2.196875
1.872267
2.715258
2.008098
-1.410575
-1.362035
-0.340824
3.365065
2.461965
1.336792
3.932883
-3.097063
2.747913
0.818403
1.647089
-2.330763
-1.149505
5.090842
-1.638755
1.863848
-2.704038
-12.658248
-5.316958
-6.164114
0.761771
-1.026406
3.905473
-1.012868
-4.959416
-0.506263
-1.894187
-0.573241
-1.558399
-0.466218
-0.126109
-1.343280
-2.575801
1.235558
0.462565
-3.437686
0.170335
-3.041929
-5.053574
-5.435446
-1.856667
-2.283778
-2.130450
-8.512899
2.208075
-2.888564
0.662660
-0.529300
-1.944828
-2.412935
-0.396637
2.240796
1.256349
-1.764915
-1.790370
1.123194
0.890791
-3.743361
1.736415
-1.864066
-1.610448
-0.384322
-2.290070
0.590231
-1.783020
-0.674580
-7.006911
-6.871068
-4.529710
-5.253141
3.721821
-2.019357
-0.126297
-1.337791
-2.901365
-0.818402
-4.645373
2.443923
-0.277326
2.061341
4.052877
2.260871
1.902316
-0.887828
2.541173
-0.501094
4.802044
3.667246
4.471571
4.645929
3.695698
6.675094
4.732385
4.331334
3.666248
5.049397
4.504553
3.297119
3.757380
3.074047
-0.110019
1.497665
1.255185
2.338953
0.748769
3.579172
2.671341
0.457423
1.383376
-3.681954
-0.483022
2.630672
3.080532
2.870680
-0.962417
-1.295577
-2.073358
-1.423236
-0.489071
0.037172
1.490265
4.168181
-0.109727
-3.616759
-3.032695
0.558208
3.523055
2.129673
4.097244
6.649668
0.507920
3.654206
4.872663
4.676775
3.089142
4.194775
4.980401
5.631987
4.985744
2.980068
3.391393
0.138965
-2.466905
-0.414229
-2.260841
-2.594653
-1.637371
0.858948
1.012613
0.019219
0.876479
6.024131
5.689606
-1.408915
2.716282
0.640785
5.043733
3.050579
4.306281
4.803657
1.911652
2.649418
-1.378960
4.816118
-3.648479
-9.726435
-9.932435
-0.461569
0.270176
-2.119337
1.486927
5.099479
-7.154091
-5.583693
-0.667606
-2.331116
-0.782392
3.342898
7.033379
-1.215091
3.047063
3.349174
0.352908
-0.376817
0.332712
0.789780
-4.019951
-4.136179
-0.923606
-2.539274
-3.310257
0.540177
0.208003
-0.241701
-0.222494
0.430219
-0.283588
1.194380
2.146539
-0.969109
-2.426229
-3.722520
-0.146400
1.347653
-0.241164
-3.036806
0.746762
0.306267
-1.212240
-1.233540
-1.392132
-0.149784
-0.930819
4.487980
5.327291
5.657685
-0.059526
-2.550560
-0.717587
-0.062399
6.535980
4.491953
6.225088
1.440744
-0.387760
0.392820
-0.739959
1.176730
2.383604
2.730588
-0.716295
-0.706104
0.569320
0.687403
0.316217
-0.147918
-0.603437
0.852624
2.683502
3.909174
2.099653
1.000265
1.994467
1.389268
0.785228
2.076976
0.879076
-1.734325
-1.065541
-0.468496
-0.760639
-0.465232
1.559430
-0.165791
-1.561250
-0.361507
-1.628957
-0.324439
0.610448
1.203737
-0.349010
1.108919
2.150507
-0.076979
0.987703
1.039978
2.588657
0.256084
2.554476
4.688564
1.409539
0.600793
6.302552
2.515351
0.126941
1.529008
1.722783
5.415269
1.271783
4.117477
1.106185
2.539930
2.759421
3.798529
4.779408
4.332615
3.542660
2.362832
7.342700
1.600632
3.319264
1.524810
2.059766
3.053276
3.021526
2.584322
-1.095678
0.008477
-3.014678
-3.279511
-0.067207
-0.071289
3.651588
-1.759647
1.138309
-3.552294
-5.072884
-1.789484
-0.898796
3.624497
-1.455832
-2.007052
-2.981296
-4.805507
-0.650348
-3.769285
3.285989
-0.146778
-4.070230
-5.376711
-8.027803
-0.836049
0.069894
1.832761
-2.522501
-5.327770
-4.775553
-7.482719
-3.160347
0.586221
2.576492
-1.654169
-1.188441
-1.268753
-2.222432
-2.333037
0.898879
-0.015007
0.383394
3.627636
3.828640
3.502136
2.383079
-1.061052
1.495917
4.267950
3.246036
7.584563
9.426994
3.959834
4.184675
3.781114
6.308114
-0.987074
1.294911
3.863433
3.055413
5.435371
2.085609
3.089126
-5.025860
-7.615766
-1.780947
2.204632
4.898705
-0.272529
0.849221
-4.335049
-9.502885
-7.740088
-0.814331
3.176615
-0.013316
1.589401
-7.536456
-2.107619
-5.710984
-0.236271
3.531800
-4.007588
3.879991
-1.959534
-0.899877
0.572880
3.841632
-0.998179
8.069877
1.369706
3.586116
2.758130
2.949913
3.298989
4.730067
2.222534
-1.019249
-0.603884
-3.108814
-2.681670
-0.653577
1.000284
3.522832
-3.181957
-2.839192
-2.783531
-2.026567
-2.119982
0.359645
1.981269
-0.470426
-2.671546
-9.840089
-4.884390
3.870442
0.206613
2.283488
-1.528545
1.574255
-4.856037
-1.098293
2.111255
0.099539
2.859596
-2.267905
4.705067
0.819649
6.478502
-1.620312
-0.495510
7.044001
1.025042
-1.022729
-0.617970
-0.660026
-0.243732
5.473485
2.350177
2.130136
2.221326
2.678736
2.596611
2.722737
2.962729
3.652507
5.309877
5.845152
4.269624
5.118707
6.204550
5.123049
3.719062
5.357141
3.703385
-0.285432
2.048107
6.361502
6.544632
5.034347
2.174025
-1.077096
1.535117
3.619091
1.536346
6.728646
4.160503
5.269346
1.481210
3.040715
3.337492
3.036487
7.199366
3.956657
8.248143
0.415706
3.839152
1.003601
5.789294
6.311551
2.657493
7.228057
5.223482
6.613759
5.015725
6.204839
3.425164
-5.158428
-0.045494
0.183620
1.052171
0.977191
-0.703674
-2.207829
0.381145
1.724013
2.477274
1.219615
1.049574
0.155113
-3.154734
2.157000
0.696801
2.791121
-3.756322
-4.292095
6.116203
1.275020
2.455088
-3.926922
-10.573133
-7.289421
-6.863400
-8.087036
-3.066104
2.764875
2.528420
-4.318557
-3.754459
-5.931164
-0.480346
0.587139
0.800704
0.610170
-4.059127
7.371654
-6.266242
-2.681352
-0.003673
-3.363150
-0.149664
0.275154
4.150415
-2.453671
-1.344344
-5.598293
-0.977022
-1.241083
-0.964457
-0.890705
-0.935849
-1.330048
-2.145329
-3.262341
1.139514
-1.415795
3.207484
2.708296
-0.815241
-2.234456
1.269352
4.045304
-1.456620
7.422248
6.477430
-1.985981
-0.241621
1.213624
5.934532
8.601606
8.669672
10.940557
9.513336
3.959377
1.083892
-0.222665
2.197909
5.671473
5.857770
3.097624
0.752817
-0.299257
0.822281
7.256844
3.465281
3.662269
0.984990
-1.925233
-1.009495
-0.997328
1.258215
-1.342951
2.405370
0.694297
-3.719638
0.560360
0.664093
0.720054
-0.872397
-0.545533
0.264906
1.290000
1.593875
2.016964
1.389518
-1.089151
-1.487284
2.943414
1.396106
-0.105015
1.278358
-3.523938
-0.935957
-3.324045
-0.715035
-2.679783
0.277123
0.820172
1.224656
3.252833
-2.269891
-1.392112
-1.517990
0.671624
-1.778046
1.220453
1.506514
-3.464758
-2.817648
-3.300782
-1.919037
-0.829959
1.782570
-5.214705
0.757344
-1.553457
-1.346644
0.057427
0.931838
-3.086470
-4.257086
-2.970771
-0.478323
1.494147
2.814359
0.431734
-1.942159
-2.090366
-2.056453
-1.021326
0.057445
2.141588
-4.210419
0.010643
1.409752
1.845152
-0.315953
-0.799654
-0.832378
-0.433292
5.439777
11.947351
13.160612
3.302285
-0.040465
1.678742
3.885110
10.916624
12.127482
15.170985
5.924541
3.236797
0.367736
-0.967615
0.138643
2.581575
8.106379
3.759483
3.368338
2.123066
-1.527812
-0.367349
1.513611
0.102979
0.551543
4.833276
1.284461
0.036013
1.321126
2.861453
1.409548
2.717629
1.446732
-0.148907
1.634243
0.696938
1.121658
1.087816
0.710379
0.021847
2.830302
1.335028
0.775973
-0.364763
-0.753089
1.451210
1.727565
1.214759
-1.611050
-0.675293
-0.957896
-1.548781
1.076446
0.833753
1.199249
-3.085881
-5.103995
5.206734
1.813094
-8.005183
-0.648592
0.219912
1.154753
-0.066809
1.471718
-0.373548
-1.616496
0.800361
0.207423
-1.411348
-3.146038
-2.827007
-6.762544
-3.284982
0.987814
1.701895
1.627291
0.896189
1.586041
0.331562
1.093280
4.315485
-9.134954
3.362696
1.883267
1.802548
2.092790
2.321620
0.693560
1.309680
4.036756
2.156669
-0.354246
-0.352387
2.710894
4.756619
1.492992
1.211397
-2.642304
-6.836160
-5.378718
-1.304277
2.511949
0.665794
0.307419
-4.866946
-3.734195
-6.361479
-4.165570
1.078167
0.413714
-0.052661
-0.242068
-3.069797
-1.755123
-1.829938
1.352111
2.271948
2.375187
-2.092254
-3.666661
-1.756627
-0.956666
2.502444
4.288269
5.763895
4.783359
-0.425762
1.623239
2.205640
5.480856
-13.102388
1.944984
-4.931800
-1.137165
-2.627780
-3.226957
-3.636481
0.969723
1.727182
1.144888
0.560346
1.119114
-1.901444
2.829340
-2.649809
1.227330
-3.062832
7.507610
3.747308
0.526180
4.501554
0.754676
0.636975
5.167661
15.861629
13.436591
3.940694
4.232358
1.193758
2.851496
-0.280270
7.060474
4.659714
1.503430
6.781617
-2.043921
-0.749024
-0.625803
2.948041
1.054639
-1.105096
8.280427
-5.750723
3.934668
4.609496
6.424923
2.653673
1.234007
-1.484395
-1.329771
-2.772205
-1.824722
-1.341929
-1.194281
-2.719635
-2.498171
-3.530696
-3.426129
-1.532700
1.614774
1.068619
-2.864917
-5.508165
-0.271111
0.502258
3.240386
6.920533
5.185061
0.929241
-2.397280
-0.710491
2.063602
11.704317
9.334516
9.811172
5.726587
-1.211338
-0.990445
2.065662
8.132616
7.917623
8.051343
8.616096
-1.875744
-2.652322
-0.134045
7.300404
3.752285
3.085291
2.762546
-5.175351
-0.770487
-3.009348
-0.297055
-1.312673
0.408270
0.079710
-2.350007
2.691167
0.859640
1.384421
1.554141
2.342386
3.348900
-1.463968
1.650750
-2.623787
-0.266599
-1.422410
0.250979
0.559793
-0.361050
-0.711354
-2.244772
0.728867
-8.301998
-3.210701
1.340131
-1.727492
-0.003331
-0.997398
0.394805
-11.619940
-4.321733
7.783372
-0.464207
-0.020576
-0.681950
0.535534
-7.650302
-0.128261
5.707333
0.642893
1.101910
-0.966090
1.095954
0.447261
2.662045
3.842939
0.963042
-1.760781
-2.624569
-3.944485
-1.370457
0.623493
0.843028
-4.778748
-6.487480
-1.633233
-1.324348
-0.486897
-1.000572
-0.924084
-2.922839
-1.519883
1.071711
0.306171
2.695201
1.557436
1.097827
0.457997
-1.570500
1.128234
-1.310074
-1.825941
0.155119
0.188630
0.354251
-1.726757
0.320348
-2.702971
0.176040
1.917291
1.687540
0.526221
-2.255291
-0.411850
-4.249542
0.218285
-2.559765
-0.004645
-0.925640
-2.353986
3.355355
0.458222
-0.234361
-4.546288
2.392583
-0.326856
-2.942969
1.527705
-0.446750
1.112668
1.301402
2.597261
-1.040637
7.810495
0.710998
6.484301
2.870405
3.559863
4.516865
2.702103
1.760809
-1.613486
-0.351491
-2.841633
-3.280684
-0.208572
0.424903
4.235005
-3.233598
0.803786
-2.868567
-3.001537
-2.328686
-3.277000
2.231969
-3.601830
-0.541983
-3.960804
-2.163762
0.239294
-1.844815
3.764301
-6.176017
-3.461724
-11.474117
-3.490182
-5.957713
-4.349566
3.234205
-5.931015
-4.470231
-7.094577
-2.532914
-3.391874
-3.305452
5.071315
-3.861169
-4.192643
-1.809348
-3.880802
-3.384928
-0.777384
-3.253997
5.377257
-2.592953
0.296284
-0.242029
-1.505692
-3.243570
8.474576
3.080437
-0.652966
3.100257
4.430365
2.870145
-0.721958
-1.786631
-2.462924
-9.526871
-3.116899
-1.737257
-2.039871
0.904204
-3.753638
-4.800987
-6.563444
-7.669625
-4.032269
-7.265072
-0.459527
-3.622695
-8.438496
-9.506698
-7.443359
-2.639253
-7.451134
-2.711774
-1.551011
-6.553843
-9.314029
-7.045708
-2.171998
-6.205564
-3.986177
1.387447
3.570846
-1.958627
0.420717
-1.276732
0.551888
4.091737
1.233638
4.192534
-0.711682
-1.844765
-1.794950
0.413417
0.930432
2.978703
-0.411607
-4.382555
-2.999871
-4.908586
-6.302928
5.497738
0.252647
-0.609187
1.552511
-0.684731
-1.775338
-0.689201
1.575918
1.724864
2.957690
8.114401
-7.766810
0.518738
1.304877
0.059938
1.867118
1.211171
4.498999
-3.448225
-2.049130
-1.954597
0.889814
3.604606
0.618402
4.433295
2.237542
2.650570
0.858837
2.557426
3.328626
2.818401
-0.209764
-0.221059
-2.631843
-1.524961
0.953501
11.908316
-0.384872
6.563673
0.803804
2.812299
4.787292
5.256452
-3.057558
-2.528344
-2.377774
-1.484452
-1.581303
-0.968085
0.108780
2.612983
-1.879825
1.341997
-0.127009
2.475778
-1.210820
-5.112682
0.861553
0.689821
-1.048116
-12.983001
-9.859396
-3.518775
-5.017675
2.263415
-0.448126
0.595950
-10.168949
-3.690884
0.646052
-5.992321
1.020345
-1.424376
0.926500
-3.308541
-0.099502
0.998853
-4.866888
4.297382
-2.603552
-3.132721
-3.233421
-4.330242
-1.689189
-2.844083
-4.126990
2.507612
-3.856382
-2.145980
-3.042622
-4.795492
-7.426838
0.417853
-0.493245
3.197696
3.210234
2.478789
0.292155
-3.595176
-4.165791
2.923694
3.924393
3.187247
6.717488
1.934497
-0.198350
0.521746
3.665128
3.491492
-1.512042
2.491415
5.700244
2.850739
-2.652757
1.169845
0.419388
-3.759635
1.807702
1.211834
1.852416
-3.364552
4.510756
6.675969
3.834171
4.588901
4.625487
0.029363
-7.512599
-3.137277
4.487543
1.124359
2.800512
-1.251921
-7.061109
2.117617
1.314643
1.593678
0.516238
1.079359
1.955053
0.740447
-3.081463
-1.592832
-1.282280
-1.364676
-0.876826
0.589100
-2.120462
-1.207539
-2.121192
-2.385068
-2.289031
-1.455915
-3.533779
-3.550835
-1.361488
-0.103335
0.968222
0.744298
-1.294140
-0.616850
-4.316155
1.253926
-1.985618
-4.582937
-1.803942
-0.732967
-0.397290
-3.436834
-0.289772
-2.654236
-1.186975
-6.039161
-2.328969
1.976227
-2.766708
-1.111391
-3.657873
-1.571175
-4.221516
-0.602494
-1.404653
-3.885645
-9.257519
-3.877065
-5.845119
-3.494406
-3.415983
-5.986195
-7.151210
-4.860179
1.563522
0.633508
-0.305235
-0.101309
1.049643
-1.814707
-3.059675
1.884520
-2.471690
-5.469699
-2.978345
0.762927
-0.550381
-2.115230
0.766891
-5.956608
-1.085881
1.690589
-5.060390
1.585840
-2.331260
1.353099
2.822618
6.911281
8.268196
-0.017258
3.333561
-1.754474
0.867518
-2.335068
0.158300
-1.224179
-1.783906
0.748043
-5.607092
-0.713684
0.299666
0.088428
1.626639
-0.157885
-2.482231
-4.262806
-2.924474
-1.534714
-0.529054
-1.277885
0.183814
-3.162400
-0.391342
0.619700
0.694008
2.060678
-0.022069
0.616030
0.934231
0.725461
5.502818
4.213000
5.383813
5.196324
1.377952
2.239101
0.888188
3.744023
0.856907
-14.820704
-7.434087
1.990147
2.211295
0.374676
0.654599
-2.184571
-12.037925
-11.027750
-0.142608
1.655451
3.296346
2.915475
2.336602
1.698234
1.269067
3.600247
4.021523
-1.906083
0.727393
2.503651
2.753362
0.561226
0.331555
-6.837232
8.904668
2.033668
1.008941
-1.776115
-1.658505
1.950860
7.253166
0.604136
-1.116108
-3.419724
-2.596491
-2.094177
-1.570740
1.755983
1.011145
-0.997331
-5.747680
-1.875273
-1.374578
-4.352781
0.151772
-0.343578
0.975301
0.227250
1.890881
1.940712
3.162246
-0.093333
1.113441
0.808170
-0.806755
-2.849137
-2.444021
5.017349
-0.056411
0.265670
-2.467309
-1.349943
-6.124890
-2.726564
-0.350517
0.533008
5.310546
-1.983569
-0.264221
-3.327992
0.642188
-3.717255
7.600713
-1.994446
0.803679
-1.533705
-1.377931
-1.891934
-1.244200
-0.495303
0.804105
-1.248466
0.289226
-0.110715
-0.659081
-1.830749
-1.924755
0.834808
-0.308902
1.203998
1.199053
1.769168
-0.208230
-1.845315
0.911668
2.417042
-2.984281
1.513918
4.748247
4.419564
1.313693
1.277096
2.292419
-6.600229
-8.990602
-5.594789
0.212854
1.958239
1.861930
3.590110
7.489170
3.129421
-2.795168
1.394372
0.814591
0.827673
-0.236856
1.473434
1.689394
-0.754521
-0.708270
-1.258786
4.156817
-0.273155
3.085028
1.381259
2.013170
3.128428
2.580436
-0.575034
-0.898584
-1.748255
1.284274
0.213028
-2.221254
-0.681582
0.074205
-3.257118
0.629978
1.628787
2.712925
-3.725369
-2.663639
-1.547104
0.531546
6.309919
9.788164
4.553748
-1.916503
-2.471776
0.426721
-1.262460
5.488329
0.322043
-1.374007
-0.922873
-0.218324
0.721195
-2.852005
-0.374331
0.515645
-2.057888
-2.285476
-1.972042
3.570386
-2.312850
-1.318423
-3.039147
-2.069181
-1.032050
3.198963
12.137373
2.266564
4.682343
0.620328
1.663531
3.632437
5.670356
3.569887
-1.036616
-0.869648
0.680741
1.081672
-0.500455
0.698943
2.303164
-2.682357
0.189347
1.503553
0.578743
-0.727883
0.118945
2.517955
-2.939771
9.192631
16.827602
13.108938
1.234091
3.120832
3.387173
-2.249152
2.889984
14.309027
14.644781
-1.293342
0.684913
2.130548
0.175214
4.069330
0.889108
8.797833
2.194168
1.329880
3.775211
-2.631390
-2.565897
-5.664649
-1.228798
0.177958
-0.133106
