8.715722
3.940374
4.377600
5.552754
5.435369
5.097497
2.172076
7.555894
1.175643
1.287680
1.494651
1.124186
1.581381
3.825796
8.851367
1.435110
-1.960125
-0.977823
-2.142919
1.721371
3.132726
7.927756
-2.715871
-6.643306
-2.581738
-3.320843
-2.176266
2.561835
7.251815
0.352234
-3.961329
-1.882465
-1.955713
-0.179390
3.619662
7.212228
-1.422698
-1.239919
2.588597
-0.856535
-1.669866
2.902276
3.950567
3.291757
-0.284197
1.541910
-1.395651
0.932093
-1.740505
0.904225
1.109920
0.592446
0.299721
0.446991
1.070563
1.101037
0.570371
0.584565
1.091959
0.662051
0.831729
1.088145
0.760883
0.023627
0.271147
0.603725
1.414290
2.071770
0.518749
0.984715
0.212431
0.831342
0.381631
3.794212
2.610370
0.975319
0.222697
0.431340
1.392024
2.202220
1.774339
1.525456
1.569273
0.538475
0.149452
0.754931
1.465375
0.491210
1.164162
1.196986
0.343420
0.159179
0.090986
-0.266034
0.172326
-0.621982
-0.809687
0.164422
3.521712
-1.060076
2.187670
0.798652
1.149046
1.509544
0.380825
0.496603
-0.214056
1.153760
-1.638364
-2.209600
0.769949
-1.487433
4.053348
0.203522
0.171637
-1.271255
-1.705803
2.140531
2.309369
3.796996
-1.832540
-0.268141
3.395863
3.408658
1.326637
1.197705
4.542847
1.669882
4.359075
9.215896
5.529157
3.821760
1.989857
3.030797
-0.607581
3.271261
2.342089
2.805579
1.146622
0.878553
2.534578
-0.924776
0.621958
0.357585
-0.405940
-0.020900
0.466955
-1.323344
-1.218838
-0.655952
0.212287
0.170843
-0.614353
-1.672988
-0.482201
0.088079
0.165075
0.095512
0.595043
0.051385
-0.825579
-0.789572
-0.949328
-1.017991
-3.152118
-1.697360
0.106787
0.403208
-1.199673
-1.987842
-1.785843
-3.231135
-3.114970
-1.127531
-1.936258
-0.977404
-1.997229
-3.942632
-3.599571
-3.478316
-1.846640
-0.496361
-1.058812
-0.804010
-1.789841
-3.491446
-3.388437
-0.644605
-0.026804
-0.117436
-0.000094
-1.212745
-0.919477
-1.345815
0.392686
0.081221
3.368817
0.941760
0.116416
0.636128
1.000532
0.747251
1.425988
0.499960
0.585606
-1.365463
-0.119133
-0.415330
-0.266224
1.496518
-0.388408
-0.208580
-0.852005
0.856472
0.464748
-0.968376
-0.624444
-0.222247
1.470757
-1.622941
-0.542689
-1.517444
-1.508771
-0.080791
-0.347357
0.503638
0.171841
0.428805
0.732656
-2.195298
-0.996256
1.307317
1.841093
-0.616269
1.729502
-0.795707
1.535636
1.114010
2.137167
2.172610
-0.242865
0.479739
1.183256
2.088725
1.268726
-1.465980
-0.321623
-0.776492
-0.610191
-0.820129
-0.491779
-0.517313
0.738744
1.880856
2.033767
1.418563
1.518657
1.237306
0.271739
0.527613
1.825871
3.517780
4.610675
4.816542
1.720577
-0.467191
0.951664
-0.058868
1.901273
0.813995
1.177768
0.073945
-0.726637
0.511159
1.694758
3.773836
1.609617
2.947659
-0.635457
0.281063
-0.237905
0.182061
-1.095511
-1.033240
0.521145
-1.850887
-0.893816
-1.081504
-0.888581
-2.998793
-1.652436
-2.241455
-1.802597
-0.734362
-2.653126
-0.640110
-2.006684
-1.650286
-1.823285
-1.807544
-1.326458
0.000188
2.485005
0.246847
1.792096
1.725007
-0.928148
1.659079
-0.823063
3.341548
0.224990
-0.210277
1.290231
-1.090718
1.688885
-1.104041
2.357019
1.706452
0.327036
1.466134
2.105512
1.719633
-0.348317
-2.059177
-1.641018
-1.469791
-1.828800
-2.370644
-0.780236
0.025054
-1.082677
1.572401
-2.425476
-1.522701
-1.760762
0.443377
0.349911
1.520251
-0.054579
-0.365877
-0.546570
0.287863
2.303096
1.004709
0.555205
0.329187
0.256753
0.350373
0.356719
0.676437
0.812019
0.229982
-1.035907
-1.079866
-1.060889
-1.257919
0.312214
0.266978
-0.205145
-0.225688
0.264488
-0.424460
-0.322989
-0.627603
-0.243702
-0.197285
1.333130
-0.240950
0.585289
-0.118013
-1.675804
-0.199217
-1.498769
-0.828052
-1.195493
-1.004680
-1.077112
-2.396102
0.175405
-0.035100
-0.393530
-0.386746
-0.372161
-0.623454
-1.094227
0.804007
0.187885
-0.863808
-1.060791
-0.746858
0.117280
0.153427
2.836749
-0.184525
1.228665
0.354321
0.627881
1.205949
2.269793
0.207797
-1.542382
-1.215692
-0.652146
-0.873055
-0.886436
0.277238
0.495690
-1.288880
-1.052303
-2.178517
-0.249032
-0.168049
0.467293
0.600884
-0.828476
0.681921
-0.409064
1.740636
2.031673
1.651113
1.392185
-0.037828
3.330500
-0.195549
1.236088
2.139334
1.341294
1.721861
-0.039887
2.730889
2.285413
2.914196
1.620873
0.772340
1.724693
-0.958869
1.168131
0.412868
1.523895
1.020229
0.742245
-2.320236
0.349220
-0.472135
-0.144208
-0.247377
-0.335063
-1.760158
-0.179296
-0.254359
0.100510
-0.692277
-0.784086
-0.557292
-1.038788
-0.118830
-0.778795
0.058749
-1.682127
-1.432917
0.811131
-1.509334
-0.253436
-1.910742
-2.097908
-1.785470
-0.902488
-1.372032
-1.555735
-0.676310
-1.539572
-1.726095
-0.914954
-1.286013
-0.437630
-0.661455
-0.739834
-2.091956
-1.830135
0.015456
-1.518905
-2.759767
-1.852602
-0.413656
-0.384164
-1.095508
-1.176733
-1.735681
-1.802129
-0.308382
3.407770
-0.553996
-0.511095
-0.361946
-0.375274
-0.471616
1.069298
-2.510354
-1.788200
-2.908647
-1.415267
-1.513634
-2.721682
-2.321143
-2.818364
-1.693430
-2.259019
-0.251517
-0.326822
-2.984381
-3.013626
-2.017259
-2.562257
-4.552573
-8.796567
-5.115623
-3.810744
-2.635970
-0.763672
-4.262746
-3.096618
-6.435584
-2.991957
-5.982703
-3.507528
-0.399413
-2.989937
-0.228059
-5.669302
2.574812
-1.603128
-0.747863
-0.318848
-3.534423
-3.839190
-6.454275
-3.817891
-3.872411
-1.604979
1.773407
0.917405
1.509456
0.713541
1.060040
1.717301
0.044814
1.006294
-0.488559
0.486915
-0.499033
-0.652635
0.844239
-0.465337
2.148739
0.011292
1.852196
0.487714
0.287672
1.181212
-0.300955
2.292395
3.150369
2.682562
3.978900
2.964053
1.269307
1.009287
2.209977
3.451107
2.167679
6.998489
3.892904
3.223965
1.967098
1.562188
0.941248
2.166329
3.732853
-0.275030
1.728326
0.498385
-0.568059
-0.128894
0.229119
-0.080138
-0.712128
-0.482161
-0.706741
-2.877650
-2.573000
-1.692891
-1.525558
-1.728315
-1.880342
-1.403559
0.037476
-0.382973
0.101081
0.225669
0.344445
0.476056
-0.295715
-0.920207
-0.192966
0.582368
0.791248
1.320864
0.393794
0.062447
-0.824906
0.742599
2.367970
-0.368107
2.235426
3.598050
1.000307
-0.434743
-0.344673
1.029958
0.262551
2.992441
-0.132627
-0.760573
-0.692950
-0.809842
2.207919
-1.156445
0.212801
-1.286319
-0.686425
0.222795
-1.018579
-2.406723
-1.506952
-2.543823
-1.596143
0.529777
-4.469332
-0.887791
-3.609609
-2.314806
-2.349563
-1.899364
-3.500799
0.392281
-1.037628
-3.107563
-2.139918
-2.508424
-0.991710
-0.627057
-0.867654
-2.610753
-4.417373
-3.500023
-2.965813
-3.498734
-3.205410
-0.857049
-0.971934
-4.507149
-4.373067
-0.864682
-1.953287
-1.060606
-2.035297
-3.116158
-2.440659
-3.252313
-0.639933
0.257391
-1.055750
0.388209
0.561989
0.980514
0.547679
1.955597
3.767914
-0.435090
-3.473542
-3.385024
-0.974335
-2.641792
0.185130
0.629900
-3.844666
2.300562
-1.942879
0.821092
0.012753
-0.033417
0.183481
-2.330349
-0.349141
-3.355818
-0.811832
-0.424677
-1.823436
-1.002774
-2.508653
1.478046
-1.108826
3.105274
1.484310
1.450530
2.382033
0.086375
-0.479993
-0.274537
5.504965
0.819461
0.393840
3.976480
-0.242860
0.148879
-0.137534
0.740163
1.270391
0.217446
3.082592
0.296238
-0.120365
-0.501637
2.468048
6.571025
0.436040
1.401631
-1.077976
-0.045612
-0.530172
2.666207
4.683570
2.700331
1.536020
-3.298831
3.621674
-0.929134
0.542454
-0.127217
0.005140
0.067572
-0.484094
0.227423
-1.380574
1.377748
1.513309
3.014499
0.330332
-1.631741
1.157446
1.474205
-1.430755
2.300856
1.710656
1.408639
-1.131478
0.893748
0.108851
-0.517648
-1.184123
0.214563
0.987948
1.321582
0.569910
-2.780181
-1.600669
-3.485273
-1.147904
-2.161029
-1.715911
2.288608
-1.276741
-1.253514
-2.376553
-1.836046
-1.543328
1.564765
1.078815
-2.336654
-4.629850
-3.925750
-4.373044
-2.820928
-0.292132
-0.238405
-0.655459
-0.085494
-0.100881
-0.014172
-0.307216
-1.597777
-0.674883
-0.430904
0.002524
-0.004370
0.186103
-0.087965
-1.257608
0.292726
0.285966
1.421349
0.721462
-0.249222
0.507566
-0.077156
0.197567
-0.511305
0.978061
1.460544
0.586962
-0.193168
0.582092
-0.124089
-0.239433
1.520211
1.360251
1.836608
1.006842
1.104446
-0.026073
-0.018053
0.383128
0.539812
0.148531
0.114526
0.001983
-1.473279
-0.553785
-0.324859
0.268714
-0.470861
-0.536765
-2.088897
-2.157957
0.799589
-0.302971
-0.276415
-0.362947
0.421206
0.655872
-0.917878
-0.245103
-0.838966
-0.545268
-0.708312
0.410217
0.205484
-0.763356
-2.207515
-1.577667
-2.856914
-2.292085
-1.527790
-2.819386
-2.232021
-1.531507
-4.800380
-8.861885
-8.808680
-1.044981
-3.342627
-1.904297
-2.065115
-5.171321
-9.726288
-7.829181
-0.327208
-4.103382
-0.188442
-0.499174
2.973233
-1.539076
-0.769859
2.899983
-1.666939
-1.836686
-2.706488
-2.062726
-3.522700
-0.928339
-0.952534
-2.375761
0.744748
0.483105
0.245746
-0.082485
0.061407
0.409640
0.461311
0.335708
0.030193
-0.301324
0.564241
0.529797
-0.248019
0.179332
0.119150
0.446690
-0.725562
0.825543
0.387722
-0.002082
-0.453535
0.303628
0.522945
0.293078
-0.706557
-0.772336
-0.144407
-0.273920
0.498893
0.338657
0.761056
-0.226961
0.777925
-0.996253
0.114583
0.392043
0.445090
0.167613
-1.157191
1.060008
0.139381
0.627857
0.082277
-1.248792
-1.479566
-1.237960
-1.465757
-0.978271
-0.251073
-1.303945
0.362256
3.350953
3.340830
2.981934
2.210714
2.289117
0.003541
0.394164
1.058875
-0.246915
-0.679044
-0.168582
1.587181
2.231002
0.789905
1.040366
-1.696222
-0.712509
1.280511
3.567594
2.741321
1.950959
0.765608
1.458289
-0.057862
-0.674504
3.133922
2.659385
5.737974
4.654902
4.201352
0.230120
1.136493
4.460011
1.639592
2.825175
3.015005
2.510693
3.001753
2.778299
4.258296
2.412251
4.457584
3.561656
4.218899
2.778689
2.582430
4.539995
1.721512
0.724488
0.270154
0.135952
0.165148
0.668818
1.216598
-0.059156
0.345357
-0.902691
-0.599491
-0.556921
-0.502361
0.171112
-0.569716
0.466550
-1.303313
-0.846048
-0.904174
-1.162044
-0.865036
-0.195234
0.486262
-0.581934
-0.962273
-0.916425
1.055029
-0.580770
0.095984
-0.414819
-2.171087
-0.909447
-2.336495
-0.183967
-0.809170
0.957882
0.383217
0.161872
-0.662787
-0.353404
0.567112
-0.034721
0.533352
-0.383943
0.631263
-0.788651
-0.171748
-0.344749
0.282561
-0.583431
-0.449918
0.190344
0.219153
0.330574
0.206559
-0.407589
-0.086933
0.566296
0.849720
0.936473
1.128997
0.524164
0.376584
0.210620
0.733453
2.026037
0.647476
0.497990
1.201031
1.614260
0.823645
-0.295336
-1.503984
1.923083
1.195673
-0.579041
1.393634
1.184022
1.671773
0.473012
3.525225
1.244096
0.872832
2.039580
1.303136
0.993736
-0.407638
4.951655
-0.140846
0.439572
2.459774
0.060920
1.063768
0.891428
4.205853
2.311054
0.410085
0.084555
-0.109733
-1.423416
-1.189902
-1.153890
-1.208574
-0.989329
1.126987
-0.997043
-1.225564
-1.606152
0.651315
0.289782
-1.346120
0.159703
-1.197774
0.517322
-1.160673
-0.509705
-0.689110
-1.017791
-0.172837
-1.064271
1.415989
-1.870948
-3.459110
-3.647858
0.597788
0.879053
-0.555573
0.171204
-0.868739
-2.128373
-2.196030
1.117440
-0.194324
-0.388412
-0.808037
1.948746
0.294204
0.625439
0.880873
-0.053844
-0.261972
-0.975147
-0.567110
-1.415935
1.215959
-0.500880
1.297611
4.771564
0.578247
2.183471
1.347856
1.629105
1.745499
3.658311
2.103536
-0.009874
1.714521
0.854975
0.220267
0.841140
0.973899
2.809282
-0.543535
2.196229
0.178810
-0.577865
1.108226
0.969486
2.920672
1.668306
4.837418
5.432007
4.687603
4.220841
2.504156
3.495819
2.823667
4.961506
7.082152
6.527248
4.983468
2.249539
3.541617
2.506686
1.491018
2.042671
-0.103128
2.131645
3.035438
2.969543
0.125341
0.526878
2.534727
0.049503
-0.048110
1.106693
-4.483127
-1.874134
-1.941884
-1.933594
-2.090533
-2.021916
-4.254754
-2.099724
-1.766429
-1.564641
-0.655945
-0.191489
-0.982127
-2.023255
-2.220615
-2.989694
-1.557107
-2.004196
-1.995358
-1.622401
-2.046007
-2.206143
-2.890137
-1.160736
-2.802886
-1.667790
-2.724768
-1.460864
-2.812083
-0.989981
-1.857897
-0.359366
-0.988752
0.240705
-0.693808
-1.858357
-0.015728
-0.461146
3.326573
0.053181
0.656865
-0.549575
-2.100439
-1.558812
-1.312873
0.526634
-0.103487
-0.354031
-1.580527
-4.706420
3.446985
0.210002
2.021263
1.225253
0.293058
-2.858685
0.696128
2.205557
0.654789
-0.696983
-0.130909
1.746882
0.371700
-2.695700
-0.643098
-0.330993
-2.683194
-4.562759
-1.074591
-3.991442
-3.870546
-1.135834
-1.721591
1.551404
-3.159537
0.322467
-6.383127
-3.586966
-2.401862
-3.782310
-3.150822
-3.071344
0.162181
-5.579644
-2.388144
-1.541873
0.767996
-1.580676
-0.705136
-1.017407
-3.913669
-1.549064
-0.419693
-0.745518
-2.088516
-0.184729
-0.967605
-1.529121
-0.609353
0.465536
1.393202
1.029904
1.111648
1.125148
0.663324
0.663967
-0.809161
0.103671
-1.129917
-1.167915
-0.199441
0.112113
1.252467
-0.909058
1.090931
-1.395096
-0.568198
1.301852
-0.682768
1.455606
0.880203
3.162628
1.383900
1.888552
2.034800
-0.735562
0.886321
3.080043
2.809072
2.582121
1.529201
3.846756
0.094188
0.246727
0.392658
1.838976
2.993682
1.441980
1.680213
-0.230382
1.232649
-0.505815
-0.453193
-0.138689
0.754220
0.135957
0.715187
1.953115
0.371926
1.455394
0.474644
0.708587
1.091783
1.946168
0.261527
0.430156
-0.559662
0.084524
-0.248449
-0.408449
0.684520
1.119441
-0.846913
-0.510854
-1.144582
-1.183833
-0.114873
0.551592
0.557001
-0.389836
-0.103276
0.508227
0.131455
-2.289752
0.048799
0.980285
-0.084508
-1.988826
-0.628777
0.074473
0.602660
0.465746
0.986081
0.473452
-0.387122
1.187606
-0.495568
1.183497
0.458856
2.156844
-0.264522
0.650243
1.413868
1.018448
0.776030
2.933808
1.336826
-0.015740
-0.539014
-0.955724
-0.776386
-0.118426
-0.157399
-0.455768
-0.435938
-1.238789
-2.201968
-1.618597
-0.488248
-0.401843
0.790919
-0.172426
-3.580018
-3.232677
-3.314874
-1.082995
0.183368
0.420483
-0.869439
-4.369040
-4.071861
-4.173141
-3.402335
0.131508
0.187339
-1.768041
-2.421234
-3.666332
-2.890448
-4.439856
-0.732139
0.863703
0.196596
-1.650973
-2.853593
-1.249190
-0.730998
0.547405
0.477084
0.129567
-1.626528
-3.037035
-2.744625
-0.540665
-0.065905
4.011258
-0.740718
0.532279
-0.789181
-0.335082
0.488074
0.903285
-1.306935
-1.301009
-1.582311
-1.231495
-1.246034
-2.284263
-1.039795
-1.352645
-0.325240
-3.364865
-1.777111
-2.094198
-3.319505
-2.058751
-1.101839
-0.502143
-2.444479
-3.647323
-3.052543
-1.479581
-1.501513
-0.393268
-1.072018
-1.648420
-2.552810
-4.543205
-3.038465
-2.547469
-0.523937
-0.154431
-0.044318
1.105384
0.258742
-1.834904
-1.282347
-0.455236
0.064135
0.028656
0.575876
1.335914
0.826871
-0.689386
-0.938723
-0.422411
-0.450287
0.122725
0.045869
-0.368607
-0.414882
-0.502889
-0.054038
-0.394294
-0.183270
-0.241116
-0.684961
0.038494
-0.292291
-0.827967
-1.129183
-1.110132
-1.271227
-0.085668
1.303863
-0.248658
-1.696621
-3.271961
-2.651193
-3.441963
-1.461009
1.807703
-0.572847
0.072637
-0.820710
0.304150
-1.302408
-0.651458
2.903620
-0.610584
-0.116528
1.125781
1.809658
0.660436
0.342065
1.122675
-0.535066
-0.080395
1.219892
1.640557
1.349666
0.240462
-0.304252
-2.320287
-1.433222
-1.743144
-1.649297
-1.958699
-1.861902
-3.391588
-1.729769
-3.009980
-1.315497
-1.483979
-0.825651
-0.083883
-3.440207
-2.392508
-0.967119
-0.624509
-3.163922
-2.883182
-1.377717
-2.742827
-1.614800
1.280362
4.252701
5.247665
5.389318
3.058910
-1.463906
-1.686608
2.700858
6.193069
5.670967
5.770597
4.790443
-0.668917
-2.783788
-0.030717
-0.662456
1.944653
-0.683271
-0.317098
-2.360221
-2.399833
-1.985051
-1.086591
-0.030157
-0.411284
-1.563707
-3.734042
-0.414960
-0.391537
-0.557670
-1.846036
-1.551215
-0.841860
0.220824
-0.781509
-0.790670
-2.817484
-1.773366
-2.269257
-1.940521
0.079027
-1.993300
-1.137659
-3.139149
-2.889759
-3.197994
-4.329326
-2.003750
-1.926821
0.105177
-1.572077
-4.430860
-4.356108
-0.402974
-0.797510
-1.541845
-3.101296
-2.162920
-4.749630
-3.063365
-2.811335
-1.907939
-1.209833
-2.059279
-0.154360
-4.447291
-0.063304
-1.840878
-0.811973
-0.622420
-1.688920
-3.350753
-5.363480
-2.810790
-2.548961
-0.665287
-1.020943
-1.132193
-1.259717
-1.998364
-1.900219
-1.142799
-0.313800
-0.208302
-1.967764
-1.236018
-1.327020
-1.992210
-1.026076
0.253171
-0.565329
-2.016888
-2.379570
-2.949769
-2.662719
-0.953717
0.049619
-0.142744
-2.561715
-3.380175
-3.920412
-3.841658
-2.062176
-0.685399
-0.334728
-2.783701
-3.241839
-0.708126
-2.616156
-2.079883
-0.164942
-0.760494
-3.561962
-0.843707
-1.116771
0.203527
-2.051176
-1.253121
0.408637
-1.371451
-0.670309
0.052503
0.739269
-0.248249
0.223440
3.620978
-1.615376
1.219563
-0.342320
0.408825
1.700332
2.441327
1.714792
-2.520250
-1.133091
-2.884089
-2.533331
-0.448204
0.170597
1.651639
-3.772524
-1.582785
-5.985633
-2.442619
-1.450857
-4.684187
0.394309
-4.197680
-1.852169
-2.054368
-0.245134
0.918087
-3.567547
0.530815
-2.280558
-1.665905
-1.761064
-0.417426
2.258391
-3.579691
2.113380
-3.243309
-5.130340
-3.264657
-1.868639
-0.574089
-1.746976
2.621622
-3.946306
-5.040161
-3.088556
-1.887568
-1.472105
-0.678542
-0.469136
-0.552981
0.417542
0.449563
0.598757
0.214316
0.145725
-0.580515
-0.898780
-0.523790
-0.249714
-0.493274
-0.649037
-0.123035
0.167211
-0.135233
1.205678
1.283997
0.740911
0.772302
1.344990
0.584253
1.601995
3.161324
2.442075
2.341467
2.425872
1.870294
1.157598
2.544559
4.594956
2.945607
4.032998
3.287716
2.874377
0.509386
1.054039
2.942536
3.476809
3.120167
1.975514
2.423508
1.325968
2.134751
2.958172
4.398592
3.264364
2.920621
2.614595
-0.340465
-1.157858
-0.698006
-1.136994
-1.153786
-1.215383
-0.937390
-0.296438
0.915364
-0.344946
-1.107731
-1.878617
-1.909301
-1.222647
1.195085
3.418676
1.300118
0.889860
0.244785
-1.870115
0.584878
0.092217
2.655902
0.743581
-1.133940
-3.047634
-2.659485
-0.258603
-0.334182
0.950728
-2.114691
-4.043068
-5.126354
-5.411572
-0.879240
0.321162
2.880697
-0.296114
-1.023677
-2.555985
-0.775741
-0.220706
-0.193287
1.881702
3.624056
2.010785
-0.254419
-0.392364
-0.115731
0.896795
0.369517
0.380058
0.536595
0.526810
0.450155
-0.643326
0.339777
0.749285
1.128460
-0.189770
0.314505
0.725597
-0.645981
-0.253825
0.849402
0.255080
-0.195333
0.049704
0.565847
-0.058172
0.023293
0.757115
1.107168
0.944371
1.509842
0.820877
0.059066
0.264951
0.071251
1.454486
0.513434
0.881838
0.412955
0.165402
0.707712
0.342574
0.416917
0.420875
1.008811
0.997033
0.155154
-0.325583
-0.391054
1.738856
1.051347
1.535868
1.240158
-1.252710
-2.119308
2.718555
-0.818977
-0.164628
-0.474112
-0.760367
-1.370264
0.452197
2.735141
-0.046399
-1.328697
-0.616735
0.081391
1.607687
-2.267905
0.147049
-2.283301
-5.821420
-5.076952
-3.762736
0.599946
-2.517712
-0.528106
-2.424928
-0.772537
-3.686339
-3.578223
0.286049
-1.626849
1.254286
-1.200267
-2.384339
-3.902527
-2.995284
0.540001
-1.500111
0.724137
2.882293
0.768870
0.218207
-0.685429
0.298590
-1.727512
0.791356
2.622947
2.375798
1.994655
0.275482
0.245664
0.253036
0.413045
-0.539745
-0.480239
-0.195260
0.127911
-0.199078
-0.005079
-0.474082
-1.473464
-0.966796
-0.699692
-1.325155
0.070202
0.312542
-0.840608
-0.889407
-0.752417
-1.336453
-0.123340
0.174416
-0.085900
-0.892936
-3.930264
-2.461639
-3.392361
-2.318430
-1.291912
0.022111
-0.391354
-2.292826
-2.852871
-1.928121
-0.762873
-0.669997
0.572697
-0.426068
-0.671064
-0.753319
1.268739
0.835788
0.185255
0.218543
0.102252
-1.703180
-1.978733
-1.013405
-0.176997
0.353430
-6.106369
-1.299948
-1.119877
0.956365
0.531386
-1.301853
-2.569530
-0.338217
-1.620087
-0.034500
-1.021674
-0.990235
-0.497354
-0.920927
1.509188
-1.478310
0.255193
1.015746
1.032686
-1.398217
-0.614047
1.556493
-1.631620
-3.714691
-0.593450
0.226363
-1.325093
-1.035073
0.460906
-2.359718
-5.231777
-4.126438
-4.200501
-4.063124
-0.495687
0.794174
-1.368890
0.681027
2.732536
0.414819
0.359383
0.444361
-0.872163
-0.005055
0.330606
1.535280
0.941547
0.264320
0.332765
3.127584
-1.337081
-1.133620
-2.270739
-1.751607
-1.290392
2.710584
-1.983829
-3.371820
-3.107490
-3.516470
-3.273389
-2.561344
-0.414128
-1.421473
-1.920947
-1.141539
-0.152365
-0.346222
-1.414240
0.772214
-1.008883
-0.854433
1.211904
1.541550
0.689962
-1.510301
0.942250
0.348841
0.199144
3.376139
2.986006
1.166108
-0.322071
0.500474
-0.585719
-0.618539
-0.731079
2.160089
-0.941468
-1.961902
1.814910
0.274144
-0.942526
-2.120306
-1.464764
-2.062105
-1.594094
0.880532
2.655398
0.831787
1.110730
0.624653
0.792621
1.512601
1.498791
-1.002496
-0.781445
-0.742356
1.867032
1.976903
0.160509
-0.730346
0.925565
0.488520
0.004414
1.252246
0.863751
1.109832
0.898934
0.679525
0.638610
0.118093
1.290371
0.798576
2.783670
2.389812
1.256452
0.120157
1.149408
1.395632
2.734156
1.327548
1.655416
1.128074
1.114284
3.910777
2.489875
2.006706
2.328624
1.662143
2.000527
0.854787
0.977200
1.838881
0.787596
-0.100095
1.467879
-0.434915
-1.527176
-0.275655
-0.133191
-0.150960
-0.523500
-1.589345
-1.413981
-1.019836
0.037987
-1.424952
-1.436105
-0.333639
-1.814519
-0.395001
-1.725475
0.125057
-0.967994
-1.178675
-0.092517
-0.953128
0.006968
-1.394274
-0.452783
1.106361
-0.089640
-1.254978
-0.855597
-0.352149
-0.044060
-1.735246
0.379839
-0.290603
-0.251733
-0.655127
-0.310270
-0.056802
-1.324255
-0.906102
-1.774001
-0.739504
-0.552994
-0.442500
0.469866
-0.225363
-0.376354
-0.906309
-0.691452
-0.954833
6.289717
-0.888326
4.041491
1.651000
2.726238
3.507748
0.357268
-0.596078
-2.026773
1.266893
-0.258896
-0.764502
2.236113
-2.784071
1.650290
-2.744797
0.716056
0.207563
1.019235
1.615816
-1.867799
0.330866
-1.653092
2.671469
-1.382163
-0.432137
-0.798045
-3.264480
0.887680
0.659239
4.291008
-0.702612
3.774073
2.776358
-1.017636
2.573261
-0.565489
3.352657
-1.084907
4.712422
2.452708
-0.838914
0.102555
-0.948182
-1.735841
-0.867232
-2.856578
-0.456756
-3.699431
-10.810919
-1.455472
-5.855801
-1.979827
-2.658078
-4.967770
-9.306962
0.810928
5.732437
6.040969
3.588687
3.986492
3.697210
-0.693960
-1.060516
3.935215
3.469895
-0.377323
-0.191896
3.745197
-2.101209
-0.061862
3.409868
3.708630
-2.751676
-0.505121
1.862628
-0.696943
-1.530638
6.233856
3.539340
-0.186686
3.628212
5.370990
-1.157482
-1.382608
4.892948
4.908845
2.619358
3.611967
4.109237
-1.592021
-8.680842
-0.628127
-0.872429
-4.380413
-1.066741
-1.860493
-11.429859
-0.832874
0.931056
0.421423
-0.416720
-0.736846
-0.179220
1.078928
3.502969
1.555722
2.698056
0.214562
-0.571740
1.347839
2.594934
2.294340
-1.633384
4.101803
2.347871
2.113526
1.272048
1.250584
2.121867
-0.506778
1.419201
6.030254
4.424633
-0.922093
0.877465
1.893118
0.460236
-1.648583
1.973574
0.510832
-0.912302
0.241586
2.045020
1.154264
-0.352619
3.091944
-2.568406
-1.290285
0.567158
1.536134
1.229997
-0.669614
1.448622
0.016248
-0.038181
2.298346
1.785885
0.519656
0.797003
0.751055
1.033650
0.791083
1.528153
-0.260490
0.537118
-0.923415
-0.994824
-0.536013
-0.255643
0.864335
0.406458
0.013628
-3.099787
-3.141318
-2.271477
-1.740385
0.506593
0.468773
0.438877
-2.553680
-1.822803
-1.668737
-2.950906
1.535851
0.034878
-1.364416
-2.636310
-0.576414
-1.481678
-3.166916
-0.576461
0.365858
-0.182234
-3.106622
-0.955948
-2.046891
-2.242893
0.398694
0.645196
0.438939
-1.190565
-3.259067
-1.543766
-0.770207
0.577536
-0.978564
-0.605297
-0.571529
-0.903621
-0.974378
-0.614778
-1.555323
-0.849929
0.075027
-0.600834
-1.187763
-1.579188
-0.890670
-0.572035
-0.099972
-0.154748
-0.554564
-1.022044
-1.449556
-0.462865
0.270272
-0.045587
-0.385677
-1.554137
-2.270028
-2.175687
-2.078240
-0.539626
-0.196479
0.090562
-2.107721
-2.131491
-2.108180
-1.530612
0.012544
-0.485738
-0.512555
-2.137633
-1.974980
-1.048455
-0.955827
0.191352
-1.619448
-0.248659
-1.017850
-0.351493
-0.567119
-0.460338
-1.777980
-6.418812
2.528306
-3.698587
-1.534680
-2.830485
-3.639410
-0.802479
-0.142414
1.731941
-0.254391
-0.500932
-0.668553
-2.389694
1.096018
-4.736095
-1.272309
0.743562
2.610086
2.554440
-2.703625
-0.211092
-1.668691
1.105379
1.982871
1.702149
0.456435
-1.867969
0.905193
-2.211548
2.763312
0.244450
1.695568
0.225939
-2.847395
1.671063
-3.293972
-0.540371
-0.067956
-4.228205
-1.232070
-4.558082
1.310887
-2.241086
3.117417
3.154229
2.257017
1.296451
-1.957749
3.107535
1.327194
0.754177
-1.252320
-0.765665
-0.587972
-0.322423
-2.241261
-0.318683
-2.845154
-4.113860
-2.500913
-1.302314
-0.554556
0.258930
-1.507162
-4.086205
-4.927507
-2.053952
-0.074024
0.295727
-1.457660
-1.594980
-4.032544
-2.725194
0.828015
1.449176
3.110986
-0.997633
-1.473962
-6.362899
-3.763235
-1.904319
-1.055388
-0.405911
-1.173545
-1.450620
-5.090601
-3.511189
-0.504257
0.209542
1.341504
0.182502
-0.713765
-2.713337
-3.284880
-1.652922
0.599538
0.813551
-1.752377
-0.086231
3.428689
1.655739
1.098502
1.475848
0.920933
3.448074
3.110692
6.724647
3.528326
2.820760
3.300657
2.118951
5.954851
1.187963
1.140473
-2.575212
-0.664845
-1.604123
-4.087680
1.818528
0.584056
-0.046195
-5.769009
-10.978029
-10.464741
-4.775303
1.004752
2.743627
0.148322
-1.137127
-5.360453
-5.120399
-1.490270
2.125887
1.302475
0.980160
2.478411
-1.713118
-0.158856
-0.510079
2.517378
1.152225
1.436472
2.669100
-1.513516
-0.103096
-0.913018
2.711587
6.172419
-1.563155
-1.151289
-1.983888
-1.500200
-0.263551
0.194373
0.053663
-1.185837
-0.183699
2.285935
2.734271
0.699470
-0.449987
-1.769453
-0.536222
-2.346120
2.549020
1.576171
-2.911938
-1.794666
-3.084932
-1.631717
-0.670288
-1.543526
0.786342
-0.900098
-0.532871
-2.887343
-7.016685
-4.291199
-3.154248
-4.285271
-6.380501
-3.140733
-2.195594
-4.840153
0.680234
0.392192
-0.294478
-3.091868
-4.118142
1.739210
-2.682471
0.419288
-1.735746
0.462656
-0.098709
-1.097608
4.315654
0.115372
1.335102
0.832784
1.074854
1.240275
2.885905
-0.102077
-2.127981
-1.157734
-1.439594
-1.192857
-0.266322
-0.551671
-0.021448
-1.220120
-0.037778
2.697607
1.422172
0.765394
-0.531853
-0.312398
2.360123
1.991105
3.143719
0.923270
2.309539
0.791808
0.488261
1.693185
3.292962
1.937292
-0.157089
2.645871
0.426836
1.932915
-0.190583
2.155804
2.681928
1.928009
2.842086
1.073910
3.116610
0.746353
2.087656
1.990775
2.627888
1.979139
2.144871
4.711911
1.345240
1.695755
0.800953
1.428047
1.847866
1.791811
0.346368
-0.219805
-2.232387
-2.074527
-2.488206
-2.391116
-0.166752
0.587456
-1.775012
-0.694814
-3.116513
-2.630400
-4.010412
-2.327651
0.365125
-1.089154
0.751100
-0.213248
-2.673085
-0.884912
-2.767880
0.621442
0.389261
-0.628697
1.507687
-1.551298
0.593898
-1.893928
0.958200
-2.369797
-0.355198
-0.685362
-1.304209
-2.821629
-1.977974
1.636836
-2.653107
-4.880142
-3.829998
-4.448179
-3.975168
-1.629653
0.433776
0.580257
0.254929
0.575391
0.266602
-0.776356
-0.311200
-1.123212
-0.369754
-1.582522
0.478166
-0.290171
-2.859481
-1.864155
-1.962586
0.310401
-5.066083
-2.936046
-4.011001
-6.289500
-2.397384
-0.794665
2.406319
0.255184
-2.414153
-3.403871
-0.825342
-1.165724
-0.256104
-1.113547
0.623060
-0.893275
-1.018754
-3.369164
-2.255071
-0.059904
0.525148
2.262139
2.290047
-0.467063
-2.003112
-1.567566
-1.127100
1.813316
2.177156
3.943931
1.858881
-0.019753
-1.054451
5.021744
-1.465428
-0.215208
-0.562183
-0.351028
0.451049
0.127078
-0.472837
-2.412375
-0.212018
1.073888
1.392411
0.234178
-1.032846
-1.299498
-1.091883
-1.304145
-1.806319
-1.583703
0.313401
-0.222956
-1.800119
-2.919122
-4.743852
-4.588427
-3.393540
-1.164622
-0.138408
-1.390829
-4.301545
-4.961071
-6.167696
-4.592470
-1.000930
-1.865526
-0.247601
-2.899384
-3.973356
-5.382658
-1.873039
-0.951672
-1.561911
2.146628
0.230558
-0.093901
-0.822535
0.317968
-0.193111
-1.278311
-0.507199
1.106800
0.200627
0.835664
0.755118
0.575903
-0.454377
0.514492
0.206732
-0.083679
-0.170673
0.578644
0.197641
-0.236225
-0.332622
-0.926664
-0.975227
-1.287034
-1.418831
-1.434565
-0.836634
-0.031318
-1.818345
1.171221
1.209975
1.389993
-1.040178
-1.659949
0.490393
-1.245367
0.006220
-0.128329
-1.357190
-1.254239
-0.963863
0.822916
-0.437011
-1.515842
-0.942007
-1.090043
-1.347704
0.342028
-0.729522
-0.029855
-1.228900
-2.004781
-1.841811
-1.159488
-0.872119
-7.937949
2.058950
-0.748833
-0.628387
-0.921798
-1.019666
-0.793248
2.012609
4.988725
3.389998
2.011393
2.615012
2.804872
2.661544
-0.801881
2.204194
-0.390409
0.691411
0.658555
0.092870
1.542816
0.167924
2.385789
-2.005297
-4.359546
-3.022913
0.913034
2.020219
-1.146639
-1.496216
-1.437368
-3.303302
-2.617903
-3.788469
0.631248
-1.741167
-0.819515
-1.854959
0.697306
-0.015797
-3.502658
0.177850
-2.642248
1.504792
1.605821
1.017226
2.111375
-1.017222
2.242838
5.886279
1.163858
2.939595
3.370967
4.248663
4.097553
4.331607
1.678931
-0.656696
-1.844678
1.214036
2.229501
1.789098
3.522493
2.240086
-1.053709
-3.171560
-1.317419
-2.109223
0.556439
2.879357
1.775901
-1.425040
-3.358906
-3.015104
-0.438864
0.591409
2.079592
2.805414
-3.306001
-4.065770
-4.857018
-2.425812
2.278533
0.854530
3.189364
-2.395449
-5.344138
-1.805850
-1.349433
0.818899
2.417814
2.689648
1.502062
0.670166
-1.171841
-0.249032
1.741688
2.265561
-3.209856
-0.061109
0.384458
1.776452
1.284770
0.035078
-0.633230
0.045103
2.405317
2.223251
-0.365806
-0.751113
-0.017216
-0.192007
2.060429
-0.514720
2.719590
-2.722920
-1.765287
0.756084
-1.310894
2.356599
-1.215026
-2.726196
-4.178599
-4.541010
-4.609949
-2.774022
0.383463
3.402913
3.237008
-1.862369
-3.458603
1.241289
-1.177663
1.248757
2.741403
0.942991
1.157262
-1.726514
0.732510
-1.089761
-0.532606
1.651625
1.448802
1.092203
-1.170312
-0.015649
-1.580279
0.178067
2.243544
0.922710
0.447879
0.510159
0.947293
0.198436
0.990573
2.241713
1.229606
1.875760
1.790949
0.427832
1.257829
-0.371354
1.311648
0.204491
0.741654
1.479834
-0.511777
0.634918
-0.994956
0.859197
-2.014094
-5.176804
-3.646197
0.009410
0.366127
-1.016251
-1.596382
-2.959672
-5.111621
-3.572675
-3.635613
-0.454487
0.074009
1.437875
-0.626194
-1.788541
-0.984410
-0.934730
0.695371
0.148256
2.089629
-0.411862
-0.477557
-1.043690
0.425595
0.690483
2.560238
0.021118
0.636153
-0.117559
0.237017
0.797222
0.054117
-0.035929
0.650646
1.456575
1.474722
1.557062
0.726902
0.900310
-1.204266
0.741620
-2.302773
-0.206925
-1.773033
-2.557669
-0.248582
-1.066770
2.686449
-2.753544
-1.819901
-4.447042
-2.550440
0.717587
-0.338049
2.679827
-3.644637
-0.763022
-3.892046
-1.463991
-0.371310
-0.359602
3.392151
2.319481
-0.731959
-1.154898
0.606705
-0.928070
-0.749450
0.118373
-0.270615
-1.529860
-0.813421
-0.431297
-2.602975
-0.451448
0.381446
0.262121
-0.013411
0.070283
0.154859
0.142469
0.456774
0.272137
0.079506
1.182291
1.037209
0.183685
0.462181
0.743751
1.276020
-0.891402
1.176975
1.355121
-0.556612
0.802696
1.048438
2.499839
1.730717
1.019840
0.109618
2.029607
1.902856
1.070588
1.328111
2.120099
4.184336
2.166698
1.207679
1.382761
0.598710
0.181859
1.611224
1.191964
1.785287
0.813949
1.624295
1.226864
0.022028
1.009416
0.828892
0.511602
1.072432
1.416138
-0.202998
0.637743
-0.701971
-0.021996
0.101168
0.605357
-0.087967
-0.253925
-0.809755
-0.813705
-2.233205
-2.333395
0.141528
-0.398756
-1.331624
-4.549998
-2.317584
-2.729206
-3.568077
-1.315081
-3.463927
-1.942809
-4.011725
-4.860639
-3.120389
-3.287260
-4.113490
-4.999362
-2.538360
-1.541403
-0.173685
3.432842
1.627690
0.396511
-3.063512
-0.416076
-0.328271
1.521552
2.750737
1.785598
0.450944
-1.073835
-0.632356
-1.699778
-2.264088
-0.754413
-1.211014
-0.388100
-1.026665
-1.314590
-3.171078
-0.542994
-0.757357
-0.438239
-1.375164
-2.411346
-2.090282
-2.084409
0.270728
-0.221345
0.001785
0.347610
-0.468073
-0.347095
0.036702
0.821148
2.852399
3.033606
1.353794
1.355095
0.153908
2.222999
8.375599
6.459966
5.670706
4.133039
1.511781
1.188227
-0.906706
3.946441
4.847349
6.268073
1.902215
1.375377
0.195507
-2.024102
3.171602
-0.963597
0.745932
-1.761658
0.857302
1.867280
1.142627
1.385492
1.095598
0.884315
2.105831
2.366102
-4.519339
3.359130
0.158030
0.203422
-0.113033
0.854285
-2.956062
1.865008
1.771947
2.817940
-1.010077
0.879822
3.959836
0.064466
0.126718
0.160621
0.356568
-1.836484
-0.802126
1.776978
-1.995795
0.007224
1.323233
2.956143
1.105376
1.018680
0.942989
-0.946508
-0.844186
5.074659
2.590495
2.868480
3.245797
4.902362
0.618263
-0.589556
3.392899
1.289240
-0.820495
-0.229657
2.999003
-2.123429
-4.097627
-0.196350
1.713710
-1.255654
1.567225
1.470226
-3.648104
2.399377
0.476008
0.633529
0.678868
0.644230
0.298807
1.209920
1.215604
0.499633
1.932232
1.108382
1.652824
0.877764
-0.366502
0.278405
0.929470
3.381220
2.202846
2.554618
1.478622
0.410289
-0.192959
0.702852
3.203828
2.869560
4.807421
1.803196
0.692262
0.085499
0.518602
2.463135
2.995768
3.168855
2.912875
0.770068
-0.036616
0.483749
-1.082192
-0.265213
-1.328335
0.702269
-0.275072
0.406001
1.087511
3.415184
3.605956
3.543969
1.731296
0.754287
-0.709769
-0.635327
-0.539882
-1.019527
-1.024377
-0.513800
-0.804954
-0.878781
-0.915887
-1.682135
-0.767364
-0.733564
-0.811257
-1.084617
-0.866126
0.321430
-2.129516
0.940708
0.259096
-1.874780
-1.142958
-0.110273
1.217669
-0.752363
-1.314451
-1.133286
1.556464
0.033934
0.337902
-0.043503
1.795867
1.177061
1.719591
0.289648
-0.796637
-0.209790
-0.565107
1.185500
0.892552
1.139179
0.313535
-0.034337
0.005963
-1.009134
-0.822185
-1.532738
0.361315
-0.512247
-0.147263
7.026523
6.574264
6.413714
6.048189
6.494633
6.707622
5.821761
1.653937
3.107630
6.701812
5.748787
5.401344
4.182631
1.736413
-0.872970
0.673708
5.503688
8.391980
4.042914
5.011425
0.677227
-2.681483
-3.127153
-2.871471
11.291645
1.578865
-4.397673
-5.043723
-1.151797
-3.295521
1.138796
11.652402
3.648794
-0.550449
-3.205912
0.950485
-1.181147
4.944263
11.036544
4.050106
-0.634014
-0.794578
6.634598
5.210960
10.312764
11.735866
10.555264
5.994708
2.796959
3.766839
1.295415
0.275730
0.620649
1.207192
1.831889
3.140440
0.858143
-3.717134
-5.127258
-3.270000
-2.118454
-1.101412
1.761613
-1.246755
-6.154608
-6.887754
-2.413793
-0.160768
1.331040
3.071550
-2.887547
-5.795403
-5.463171
-7.243949
-3.091704
-0.299252
1.275325
-2.022572
-6.434295
-1.005594
-4.892326
1.903198
3.088796
1.631990
-0.465751
-4.545712
0.595704
0.282268
8.156162
5.344934
1.439889
2.284028
-3.361545
-1.656893
-1.262704
1.322611
-0.510079
1.556929
0.033377
-0.364118
-0.937258
-0.664053
-0.582027
-0.586166
-0.531836
-1.043080
-0.751303
-0.106491
-0.164259
-0.322130
-0.591860
-0.860583
-0.517694
0.619918
1.543411
-0.188621
-0.004685
1.352438
0.519662
-0.095354
-0.786896
0.652314
2.707083
2.280843
-0.109647
0.479947
-0.211921
0.585279
1.175037
3.106644
1.964613
0.282954
0.766031
-0.854255
-0.215404
-1.653566
-0.626359
-1.640460
-0.265165
-0.021101
-1.470525
-1.374840
-1.255629
-0.402161
-1.542994
-1.046915
-1.554195
2.669083
0.837172
1.239531
0.214533
0.348401
0.864685
0.800207
0.958250
2.874990
2.097560
2.822587
3.095420
2.223888
-0.690167
0.539595
3.247716
1.505997
1.936044
2.740262
0.908923
0.571167
0.562148
2.654169
2.405233
3.729621
3.035740
0.212955
2.143140
0.402198
1.102408
2.493559
1.664009
2.026197
-1.837914
1.137995
0.456812
0.984140
3.122131
-0.844801
2.976249
0.746410
-0.473516
-0.143784
-1.887029
0.865570
-0.922713
0.758126
-0.056780
-0.238733
0.664965
0.000445
0.491093
-0.101922
0.004213
0.202891
1.451038
0.593594
-0.698490
0.315339
0.949963
0.929208
0.829285
0.508168
0.436685
-1.709485
1.008423
1.888418
2.527729
0.318506
1.446140
-0.093266
-0.954183
2.228087
5.575552
4.061466
-0.749044
-0.111855
1.515355
0.263285
4.279495
4.011141
5.408761
1.611014
2.289688
0.953303
-1.235742
2.470596
-0.359772
1.808803
0.005918
0.627068
0.801731
-0.546788
0.876358
0.879639
-0.589849
0.339305
1.903344
2.452679
1.226692
2.742143
2.942080
3.180908
2.357544
2.512116
2.895312
0.136921
1.389194
-3.042128
-2.054293
-0.144443
1.948053
1.621494
-0.424064
2.039104
-4.539987
-3.807157
1.344463
-2.465946
1.484360
-1.226378
-0.331347
-1.666226
-0.381238
0.506746
-4.144492
1.802742
-1.455736
-3.744115
-0.828150
-1.125848
-1.555002
-4.485841
2.550889
-1.659874
-0.813846
-1.974608
-1.389262
-0.865919
-0.040016
2.426420
-0.701449
-2.822872
-1.039142
-1.633775
-1.302685
1.227941
0.840601
-1.065039
0.222804
0.525633
0.588978
0.097245
0.812850
1.393841
0.809084
1.533108
0.856278
0.891005
1.659667
0.073098
0.858529
1.257675
1.744283
-1.194932
-0.172881
1.788120
0.493156
0.956093
1.084106
3.768253
1.867220
2.900018
2.739481
-0.417348
1.410328
-0.510528
1.701788
-0.457793
0.361794
-0.012251
-1.372801
0.231885
-2.523096
-2.450866
-3.481975
-0.850286
-2.221476
-0.936913
-0.080448
-2.794858
-3.028589
-5.124959
-2.438114
-2.501488
-0.731622
2.457490
0.604814
0.512368
0.000836
0.047742
0.946375
0.476508
1.277462
0.797647
1.406417
1.120670
1.512798
1.062422
0.561708
1.433852
0.715044
-0.388251
-1.844794
0.011980
0.400499
0.848264
1.024280
1.182843
1.763343
0.304857
1.505332
1.256723
1.242300
1.209839
1.668553
2.150931
0.325692
2.045936
1.455377
1.363028
1.355281
1.410000
1.033742
1.265455
2.210771
1.590901
0.927422
0.465439
-0.104955
0.811721
0.454418
1.190542
0.813609
-0.120826
2.162925
-1.759550
-0.195257
-0.557707
-0.798011
-0.034649
0.345395
-2.360918
-1.431896
-0.141795
0.643918
0.691097
-0.601911
-0.774172
-1.182263
0.738439
2.282111
1.802510
2.253516
0.551093
1.935758
-1.222363
0.217419
1.546731
1.594563
0.280372
-1.107393
1.535719
0.447127
0.773921
2.148470
2.354571
2.918859
3.638689
3.377750
-0.071882
-0.753550
-0.173010
3.380129
2.273690
0.715985
0.963846
0.842647
2.716458
5.939981
6.749345
6.662733
4.559517
2.125246
-4.422654
1.043923
-3.018866
-2.331744
-2.664476
-2.171741
-2.099884
-0.787514
1.062955
0.295749
0.667332
0.883434
-1.030728
0.421821
-1.947838
1.994519
3.455349
3.275109
1.048230
-0.556570
-1.434303
-1.750256
4.562909
5.780431
1.365456
1.295087
-0.476750
-1.226321
-3.039547
2.911956
5.397131
3.933642
3.513100
0.456298
-1.985589
-0.957461
4.951687
5.269908
3.375737
3.417943
0.644912
-2.079975
-0.463902
3.949784
3.522130
2.148303
2.966868
1.344086
1.854650
-0.359534
-0.702758
-0.627358
0.201336
-0.064053
-0.758468
0.289022
-0.263934
-0.767840
-0.232783
-1.083220
-0.951239
-0.140642
-0.265949
0.390643
0.024770
0.783863
0.132868
-0.416344
1.159134
0.999456
0.736221
0.097685
0.076023
2.281740
1.758906
0.378673
1.046606
0.043085
0.422653
0.710331
1.829964
2.004400
0.400894
0.427525
-0.149849
0.295518
0.166100
0.914663
0.826827
-0.154492
-0.814345
0.099901
0.561300
0.950981
1.013947
-0.102035
-0.670356
0.742790
1.023298
-0.973638
-0.153709
-0.212609
-0.151155
-0.284248
-0.213382
-2.725306
-1.612392
-0.403058
1.249241
1.059110
-0.497863
-0.594786
-1.382738
-0.023717
-0.784925
0.943194
0.171811
-1.009879
0.738273
-1.157476
0.892271
-0.441065
-1.037029
-0.281985
0.467357
0.781452
-1.703863
-0.097838
-0.652611
-0.792498
-2.251514
2.131129
-0.148276
-2.366695
-0.473650
-0.202503
1.241742
-1.143685
-0.509064
-1.059687
-0.967530
-0.979259
-0.725795
-0.731218
-0.551514
-1.064976
-0.860273
0.324790
0.309917
0.691468
0.647292
0.591400
0.497956
1.752501
0.036882
-0.802774
0.155121
0.330909
0.462193
-0.196302
0.758474
1.157545
-1.343871
-0.122519
-0.736213
-1.721189
0.725401
-0.572758
1.372995
-1.479640
-1.593764
-2.922749
-3.767362
-1.238027
-2.752507
1.308846
-1.287705
-0.703638
0.239224
1.101561
-0.752598
-1.607346
1.123991
-0.956669
1.225733
-3.119334
-1.271124
-0.355980
-0.689282
2.930223
0.654306
1.509586
-1.036931
-0.032163
0.035974
1.960269
-0.614954
-0.361670
-1.236377
-1.470846
-1.467603
-0.803922
-0.648614
-0.361205
-0.827117
-1.024109
0.781484
0.838416
-0.110706
-0.507459
-1.010980
-0.822534
-1.634962
0.622106
0.626664
-1.901260
-1.418042
-0.548068
-0.067606
1.522961
0.977001
1.605564
-0.922139
0.165095
-0.857873
-1.222612
0.665042
0.237335
1.478797
-1.379319
-0.586175
-0.969530
-1.556112
-2.694687
-1.300018
-0.655418
-1.964277
-1.442697
-1.454665
-1.864514
-3.110606
-3.095744
-3.529552
-2.496335
-3.246823
4.779209
2.186683
3.716843
2.148109
2.305914
3.734345
2.753686
2.543129
1.526939
2.184003
-0.051022
-0.484068
2.436926
1.562452
2.506764
-0.280261
2.002669
1.279822
1.396740
0.839461
0.497367
2.146142
-1.197560
0.465810
-0.292851
1.393516
-0.295927
-1.887993
2.456231
-1.877070
-0.251829
-1.017260
0.835791
0.428369
-1.643530
2.675394
-0.635902
-2.401654
0.496806
0.799462
-0.360852
0.265636
2.601250
0.587591
-2.973908
-0.201615
-1.616695
-0.552789
0.372907
5.172332
1.526336
0.897633
-0.109791
0.005340
1.045744
2.097497
-0.294432
-1.174403
-0.697313
-2.649912
-1.533298
0.263599
-0.770746
-2.354128
-1.828337
-3.158326
-1.833725
-2.498115
-2.427773
0.567612
-2.433708
-4.792047
-0.434044
0.069874
1.993089
-3.899361
-0.908548
-0.495295
0.248959
3.419898
6.375652
6.001390
-1.643713
1.465353
-1.618107
0.328698
-1.869998
0.968892
-0.111001
0.946520
1.631247
-0.578430
0.894760
4.674784
3.700389
3.582213
2.008958
-1.054877
2.950480
0.534896
0.415621
0.149568
0.210088
0.605858
2.378362
0.987745
-0.679360
-0.598729
0.475573
-0.070143
-0.576613
1.699476
0.773755
-1.148534
0.342596
-1.035846
-0.737628
0.428361
0.222289
-0.542854
-0.503234
-1.721376
-4.784416
-5.212147
-1.992103
-1.373053
-0.234316
0.011837
-2.306006
-1.801275
-2.824548
1.218251
-1.431342
1.159494
0.243787
1.500355
0.180010
1.766813
2.125574
-0.072741
2.268372
0.842406
0.559620
-0.112690
0.264842
0.398040
1.458775
-12.173431
-4.032476
-5.689697
-2.276759
-3.039458
-4.844110
-13.374605
-5.850820
2.302654
4.908878
3.565057
4.465647
4.246089
-7.068174
-6.337469
4.435724
-0.303872
0.127066
0.847299
0.735100
-5.084922
-4.209560
3.308142
1.495326
-1.332208
-1.533712
-0.872172
-3.341944
-6.356688
3.864476
-2.346166
-2.789891
-2.190531
-1.319306
-3.015177
-5.030365
5.205802
2.574003
1.502930
2.349827
2.956820
-2.528886
-16.133053
-2.094820
1.592336
-0.124271
1.781229
1.350562
-19.331461
2.292975
3.708605
0.932899
0.224944
-0.341846
0.348122
2.515285
0.675994
0.945766
0.629501
0.892235
-0.189494
-2.215479
0.157627
0.651611
2.976304
-1.283776
0.093582
-0.452614
-3.846936
-1.992893
1.155254
2.247231
-1.961695
-2.069813
-3.666346
-4.256743
-0.480706
1.361115
2.085883
2.741111
-1.054563
-2.414281
-3.227386
-0.373782
2.165911
1.802029
3.350302
0.582617
1.114357
-2.093004
-0.216525
2.264399
0.963869
2.583839
1.209548
0.425812
-0.889125
2.182328
-0.494896
-1.503225
0.605895
-1.279667
-1.173092
-0.029253
-0.645035
-2.187471
-1.113776
0.290270
-0.776505
-0.276898
-0.983446
-1.805792
-0.020252
0.453516
-0.993492
-2.991114
-2.846827
-3.057896
-1.820002
0.882108
0.909930
-0.172616
-1.248671
-1.476532
-1.916534
-0.510736
1.170452
0.648565
-0.534782
-4.153031
-3.726708
-1.837028
-1.717909
0.741634
0.946147
-0.823981
2.296607
0.733099
-0.934129
-0.639912
-0.708358
-1.114715
-0.888062
-0.316450
-1.832262
-1.968921
-1.746600
-0.271215
0.131900
-1.062984
-0.200519
-0.086168
-0.946191
0.587653
-1.821532
-0.935090
-2.138863
-0.924799
-1.107055
-1.351396
0.135047
-0.729669
0.727933
0.972045
-1.719724
-1.285802
-0.311939
-0.276501
-1.413803
-0.449054
-0.566607
-1.487282
-2.300524
-0.816722
-3.780615
-1.484551
-1.500991
-1.256489
-2.673796
-2.403760
-2.234920
-2.369950
-1.596727
-0.184073
-0.911186
-2.473401
-1.139113
-1.623393
-0.659881
1.466517
1.698881
-0.729874
-0.280990
-1.192003
-0.626667
0.597519
0.958274
-2.249708
-0.396094
-0.795198
-0.615796
-0.489127
-1.622668
-0.438839
-3.000400
0.274313
-0.464109
0.125259
-0.391939
-2.072243
-0.162950
-1.804965
-1.185959
-1.259797
-1.308511
1.337306
-0.092758
0.169822
-2.868760
-3.632011
1.395805
1.291333
-1.997136
-0.345880
-0.254078
-0.458598
1.321784
5.364899
3.360543
1.811499
-0.354695
-0.326868
-0.495535
-3.798429
1.179895
-0.364690
1.224218
-1.232428
-1.460812
-2.331734
-1.069735
-0.099896
0.191390
0.190816
-2.750559
0.750641
-0.708876
0.323226
-0.898178
-0.580834
0.175412
0.929847
0.691221
-0.610454
-1.060092
-2.296183
-2.484221
-2.189506
1.196562
2.699085
-0.091124
-2.954960
-2.057683
-2.474590
-2.725677
-1.041208
2.889669
2.583173
0.526010
-1.390402
-3.127104
0.436731
-0.297821
2.706194
-0.301246
-2.466830
-3.055026
-4.152265
0.222410
-0.953842
3.048672
1.110860
1.243575
-4.649023
-1.227846
0.998576
1.176779
1.734712
0.123462
-1.067630
-3.431856
-1.595600
0.463572
1.017281
1.875334
1.807488
1.904391
2.027423
1.999981
2.496112
2.994889
4.354198
2.267209
1.075216
1.764485
1.617905
2.569303
4.517807
3.514296
-0.542741
-1.495244
4.285887
3.626855
0.093572
2.632266
2.012430
-0.825597
0.471105
1.988461
1.783733
-0.131270
2.414641
1.162424
-2.465944
1.322142
4.243592
1.018010
-2.527974
-0.060642
0.867358
-2.593791
1.563290
-0.425939
1.321531
-0.187456
-0.641268
3.617318
-0.827216
-1.239098
-0.888068
1.169650
0.009557
2.599331
-1.045433
-1.878855
-0.893901
-0.189605
-0.189070
-0.676192
-1.410149
-1.031873
-0.463752
0.955199
-0.516814
0.189278
1.315159
-0.612786
0.371356
0.160814
-1.023320
-2.138375
-1.552605
-0.274684
0.042068
1.111118
-0.785657
-1.155436
0.799161
-0.289875
-0.471826
1.286051
0.048443
1.113418
-2.911361
1.720896
-0.767072
-0.915752
0.750748
-0.412826
0.002065
-3.034966
0.908234
-3.077899
-0.885839
0.294719
-1.084445
0.535219
0.203289
1.483436
1.011361
0.955810
-1.117391
-0.139238
0.115395
0.080182
0.887043
0.632079
-0.103771
-0.574588
1.147101
1.100890
1.562779
1.320662
1.174933
0.397512
-0.568033
0.922766
1.659936
1.656682
1.007765
1.392282
2.608201
0.844632
0.491735
-0.949294
-1.183532
1.128731
1.555938
0.750742
-1.463322
0.404714
0.387389
0.978511
2.644784
3.430457
1.231856
-0.193674
-0.516463
-0.601989
-1.162704
1.531464
-0.214092
-0.441706
-0.641649
-0.123055
-1.178640
-1.534616
-0.431089
-0.032473
-0.254798
0.420190
0.370245
1.073608
1.400547
2.110405
2.046123
1.685086
1.059139
0.679926
2.360088
2.375986
1.809560
1.742599
2.158568
1.622272
1.760997
2.421315
1.800219
0.253660
0.832295
2.401234
2.190150
1.444143
1.450441
3.239180
1.750707
0.647574
2.108354
0.167820
0.948104
2.341941
1.099677
0.584089
1.650619
3.443504
1.706100
0.566084
2.011927
3.229742
0.894871
2.862821
3.397265
1.296134
1.335663
2.317393
2.751955
2.716974
2.133490
2.045824
1.841313
0.063661
0.125887
0.644406
0.933738
0.963456
0.495953
-0.104250
-0.576165
-0.987017
0.124218
1.063243
0.890242
0.035746
-0.279189
-0.443058
0.030661
0.038557
-0.850143
-0.079570
0.052631
-0.675263
-0.833193
-0.191067
-0.240544
-1.556867
-1.626066
-0.372418
-1.368443
0.080552
0.039592
-1.471881
-1.809007
-1.120549
0.024943
-0.157191
0.316122
0.126117
0.303015
0.750242
0.424242
0.812770
0.184723
0.575322
-0.115455
1.699110
1.320982
1.948907
1.048303
0.711758
3.318578
-0.010748
0.429101
-0.397624
-0.214633
0.524795
0.916496
0.108166
-1.068848
0.455955
-0.322160
0.206063
1.228718
-1.007917
0.620583
0.747298
1.010341
-1.835373
-1.611098
0.290296
-0.920004
1.163049
-1.251702
-1.547837
-0.247166
-0.334372
-1.877386
-0.030378
0.850943
-0.325090
1.160827
2.747306
2.407744
-0.795090
0.952481
0.297783
-1.244388
-2.151492
-2.308025
0.347082
0.068043
-0.530909
0.413521
-2.211656
-1.705847
-2.641750
-1.750446
-1.502423
-0.809473
0.890545
-0.927267
0.789035
0.513969
0.467847
0.446461
0.927286
-0.841289
-3.057405
-0.311916
0.056555
0.206955
0.838629
-1.324255
-0.429392
-2.574500
4.179698
1.796474
2.263923
1.696102
-1.093385
-0.104032
-1.694080
2.203188
0.959597
3.881829
3.810408
0.076300
-0.213652
-0.704890
1.095729
-0.421612
3.600529
4.363255
-0.153108
0.344684
0.356026
1.624117
1.937706
2.565324
1.570545
-1.030379
1.545572
-1.503924
-0.826092
0.361497
0.962944
0.035171
1.291907
-2.355785
-0.725393
-0.807923
-1.230585
-1.192990
-1.171523
-0.526542
-1.786473
-1.942071
-3.220821
-1.365534
-1.329892
-1.938061
-2.122184
-1.841907
-3.548630
-3.564137
-1.366890
0.058214
-4.269727
-3.578955
-2.742442
-3.456824
-2.229045
-2.997580
-2.731840
-1.097766
-3.439292
-2.733217
-4.585366
-4.299291
-4.526620
-2.097803
-2.997411
-5.094941
-1.276141
-2.800606
-1.600015
-3.821684
-0.956755
-2.659415
-3.618287
0.401414
-2.527961
-3.747126
-5.001782
-2.561490
-1.530581
1.864414
-1.365540
0.958607
0.549383
1.289105
1.724267
0.342534
-0.137705
0.118415
-0.309531
-0.121794
0.080646
0.468114
-0.067236
0.740826
0.818388
-0.397347
-1.672973
-0.423478
-0.309499
1.325440
1.936184
-0.234203
-1.438481
-5.429644
-1.855744
-3.803730
-3.099766
1.522447
-0.133373
-0.159212
-4.482891
-0.405274
-2.833335
-1.165116
1.328250
-0.405245
0.246977
-1.906796
-3.694698
-3.593011
1.214275
2.089500
2.739322
1.916269
4.062469
0.531307
3.242810
2.938920
3.104550
-0.757411
1.281069
1.093787
1.777210
1.686262
1.344346
-0.972973
1.369280
3.203114
2.209896
2.972534
2.371401
2.065304
-0.032590
1.391891
2.043549
2.028539
2.353374
2.538988
2.815301
0.159223
2.322378
1.011081
-0.367821
-2.239970
-0.623053
0.367672
1.931321
1.125854
-0.415998
-1.725842
0.662878
-0.080631
-1.698025
0.280955
2.037634
2.021407
-0.390239
0.248567
-0.339606
0.278997
0.157647
0.971222
1.580931
1.383968
0.114499
0.855318
1.929282
0.270236
-2.881852
-3.416861
-2.170151
-2.631725
-2.571293
-2.798421
-2.420389
-3.508755
-1.785180
-0.801424
-4.638813
-4.069345
-2.694791
-4.220723
-4.685359
-3.993725
0.138573
-2.149204
-3.778169
-2.284903
-4.261733
-4.410126
-3.244188
-0.472562
3.799830
1.192046
-4.887202
-7.091913
-3.375296
1.775758
6.660814
3.497021
3.330593
-0.504903
-4.329107
-3.251025
-0.551837
0.719101
1.666888
1.130417
-2.823254
-3.541950
-2.305874
-0.392739
1.192366
1.159969
0.227708
-1.122377
-3.344084
3.788962
-0.756624
1.424227
1.941976
2.157139
1.306463
2.903583
0.854543
-1.050757
0.413132
-0.047979
0.450464
-0.639256
2.842835
2.226181
0.899946
2.132760
-0.919032
-1.222049
-0.004328
3.401000
1.904709
-1.227024
-0.541504
-1.161530
-0.800467
-1.617582
2.326397
2.765780
-1.878557
-0.939590
-2.787027
-1.157445
-0.495029
1.270921
2.606056
0.627212
-0.338483
-0.172152
-1.318510
0.512476
2.794178
3.060917
1.637105
1.487266
3.095398
2.385617
2.662361
3.779274
3.713131
-0.713941
1.556619
1.580589
1.214414
1.239750
-0.760343
-1.822008
-3.523577
0.355834
-2.709026
-2.686596
-1.384036
-4.983023
1.173680
-0.966085
5.466076
-1.856733
-0.278294
1.454137
-5.678484
0.564950
-1.056923
2.348861
-0.032869
3.000834
-0.218206
-4.974426
-1.267730
-1.396171
-3.207905
-1.875940
-1.939576
-2.659918
-4.520977
1.205299
-1.011358
-4.268313
0.800236
-1.870395
-3.166496
-4.285635
-2.133214
-6.273577
-7.264358
-6.728510
-5.868824
-5.502738
-4.931884
-1.058071
-1.192501
-1.305250
-2.478215
-2.034507
-0.895109
0.051108
-1.552723
-1.747218
-2.178676
-1.731308
-1.738893
-1.898062
-0.340371
-0.964687
-1.137989
-0.473166
0.836227
-0.253306
-1.115481
-0.341933
-1.141389
0.098383
2.176580
3.869984
2.146711
-0.125578
0.346036
-1.201524
-1.328987
1.310607
3.967597
1.472969
-1.341471
-0.723263
-0.540918
-2.683990
-0.981242
0.626720
-0.759292
-2.027855
0.175528
-0.975559
-0.695418
-0.325293
-0.595830
-0.824419
-0.635967
0.109443
0.784552
-0.592214
-0.407200
-0.450594
-0.177381
-0.178985
-1.018707
-1.313312
-0.753037
0.315690
0.883893
2.411180
2.802606
0.282127
-1.284306
0.027617
0.620600
3.275963
4.112823
3.314347
3.685274
0.388130
3.334296
5.098626
5.577517
6.956547
5.215228
4.772801
0.197394
3.767593
4.206872
8.677551
7.663528
7.445019
5.222874
0.499862
1.944981
2.822700
5.096393
2.629825
4.973508
4.435880
0.658260
-0.702758
0.860179
1.636250
2.089640
1.799763
0.150543
1.848497
0.733262
1.281970
0.141851
0.089283
0.944331
2.089376
1.309654
-1.222264
-1.050520
-1.274101
-1.784579
-0.750510
0.737388
1.051737
-2.044934
-0.288446
0.003343
0.791540
-0.704265
-0.754095
1.231894
-1.181149
1.871435
0.898663
2.804915
-0.710152
-1.621662
0.700988
-0.862440
-0.234913
-1.622579
0.659527
1.049708
-0.964722
1.273677
-1.586674
-0.352393
0.957932
1.006181
0.577935
-0.007476
2.064585
-0.040438
-0.205347
0.092218
0.814945
0.621634
1.369133
-3.368941
-1.146688
-1.606111
-0.675786
-0.814474
-1.193177
-1.753882
-1.851241
0.953209
1.738530
1.575421
1.619529
1.443101
-1.066596
-1.369179
0.383215
-1.208102
-1.009457
-1.518588
0.196207
-1.744781
-1.002579
2.018221
-3.470265
-1.644386
-2.951224
0.229475
-0.523747
-1.366045
2.955415
-1.069058
0.473762
-1.123311
3.881489
0.801284
-1.092071
1.107275
0.836236
1.592535
-1.313499
1.326982
0.301008
-3.712011
-0.167836
0.563497
2.074140
1.223642
0.878706
-2.303682
3.259650
0.650343
1.455800
0.110005
0.412378
1.560616
1.776896
0.478865
-0.979504
-2.005773
-0.718936
-0.813718
-1.715923
-0.373601
0.390033
-1.784361
1.229242
2.289814
1.816989
-0.008582
0.462443
0.346266
-0.692736
0.226348
-0.261593
1.165636
1.863502
1.414344
1.539629
-0.638389
-0.452902
-0.744070
1.381079
2.356406
0.964091
0.779077
-0.538343
2.077309
-0.287619
1.271248
1.474087
1.171764
2.209632
0.333947
2.812580
4.461608
3.294778
1.842034
1.430110
4.803234
-0.496178
0.910143
0.164155
0.323495
0.966924
2.594448
-0.699197
-2.549770
-4.179109
-1.118561
-2.132208
-3.659478
-0.255585
0.043414
-1.887300
-3.042073
1.313937
1.378219
-2.967375
0.747835
0.269508
1.105937
0.269101
-3.861733
-0.169337
2.270351
0.539635
0.875758
0.677332
0.384763
-1.308875
1.850690
1.858729
1.141271
0.051037
-0.996997
-0.934045
-3.680651
-1.064719
-1.717409
0.928980
1.951193
-1.289949
-1.327781
-1.728076
-0.930086
-0.615193
0.688295
6.673072
-1.761126
1.094018
-0.593662
0.119161
2.018603
0.718090
-0.973782
-0.649719
0.837015
-0.076675
-0.882373
1.676792
-1.349599
0.897194
-2.506113
-0.795987
-2.951905
-1.340171
1.162258
-0.480917
-0.015988
-2.007463
-0.747565
1.249189
2.862494
0.392505
-0.461250
0.100808
-0.227341
1.079674
0.218559
0.431642
3.322821
-0.507232
0.872783
-0.213795
-2.952723
-0.637391
1.247242
1.714211
-1.597571
0.724918
-2.981475
-1.602311
-2.226485
-1.216884
-1.866648
-3.834351
-1.780205
0.110260
-0.351079
0.185971
0.296521
-0.400025
1.490917
-0.341298
3.575408
1.597518
0.546347
1.151965
2.506946
3.759266
-0.770168
2.265438
-1.419954
-2.206869
-2.171357
-0.566159
4.488909
-0.489052
0.189707
-2.387055
-1.533103
0.406117
-1.642752
3.006763
-0.078287
1.303933
-0.772563
-1.257466
0.833712
0.708477
4.264536
-1.359239
0.405938
-2.954690
-4.206461
-2.631708
-2.301423
2.141837
-0.315754
2.734519
-0.532025
0.454341
-1.476846
0.134657
2.835716
0.067166
0.423260
1.056242
0.717663
0.883814
1.242302
0.090776
0.547134
0.531213
0.557611
0.067929
0.579891
1.796213
-0.281019
1.302075
0.519000
0.554178
1.893192
1.729754
1.869012
1.457220
1.286134
1.358879
2.647578
3.729385
3.870031
1.488003
0.293050
1.291409
0.196987
0.741219
1.441424
1.584091
0.571479
0.962111
0.656641
0.707714
0.363231
0.621686
0.711656
1.086042
0.778048
-0.175576
0.540721
1.251278
0.359813
0.874270
0.660361
-0.476792
-2.132645
-1.247079
-1.445523
-0.859654
-0.628186
-1.528841
-0.732265
-1.678621
-1.050499
-0.317178
0.401911
0.787423
-0.210930
-1.025600
-0.371777
1.518060
0.563539
1.865144
2.856842
2.474859
2.367418
-1.185160
1.274501
0.152134
1.527974
1.906325
2.154744
2.049461
-0.987669
1.004572
1.645730
1.069755
2.781553
0.961585
1.689094
-1.436723
1.959730
1.843373
3.468362
2.868418
2.809961
0.805326
0.049452
1.218505
-0.289046
0.486804
-0.070219
0.077939
1.156359
-0.498605
-1.048056
-0.629466
-0.818209
-0.842984
-0.851618
0.236100
-0.721025
-0.673155
-1.361610
0.251597
-0.092730
-0.645186
0.483321
-0.892041
-0.144995
-1.870141
-0.076709
-0.632011
-1.099039
0.745512
-0.690153
0.127369
-0.793395
-0.311503
-0.446498
0.700342
1.714974
-0.376709
-0.487369
0.242152
0.736453
1.168710
0.085605
0.705276
-0.296503
0.960194
2.434982
1.295287
1.560760
1.294791
1.131196
0.482975
0.836552
0.217683
0.844972
0.379138
0.308911
0.697997
0.707786
3.196635
1.672897
2.435418
2.258679
1.544163
2.466898
1.358524
1.997627
0.982062
0.486761
1.154331
0.462654
1.343646
0.730710
2.453201
1.151693
1.075015
0.980687
1.440458
0.420243
0.900117
3.046370
-1.902615
-2.755220
-3.388111
0.417440
0.592171
1.232661
2.238302
1.153847
0.220780
-0.173025
0.672727
1.429537
1.022546
3.614784
2.512086
1.066527
-0.620888
1.315297
2.601915
-0.480841
2.665727
3.703716
3.103155
3.489064
2.325674
1.117432
1.653140
0.838714
0.913743
0.910609
0.902707
0.550489
1.504505
1.392718
0.962020
0.928778
1.072292
0.823877
0.531166
0.834668
0.965074
1.745513
2.477895
1.678437
2.439427
1.471743
1.714190
0.188810
3.263915
4.349540
1.748681
1.885674
3.685876
1.901690
0.391543
2.340915
2.391416
0.497592
3.470493
2.258531
2.050113
0.789837
0.298946
2.010468
-0.155176
2.070935
0.591105
1.161741
1.363559
2.685545
2.176279
3.926345
2.312740
2.422092
2.017040
1.739069
0.381654
0.872534
0.357162
0.484682
0.652835
2.018424
0.618370
-0.581588
-0.717783
-0.734165
-0.589674
-0.592663
1.596783
0.556010
-0.759032
-0.944180
-2.058941
-1.581481
-0.980021
0.759451
0.513577
-0.401408
-0.293172
-2.094148
-1.835139
-1.059772
0.357725
1.135316
-1.019039
0.019054
-1.894603
-2.126268
-0.370568
0.286779
1.648923
-0.268259
-0.047686
0.587384
0.543589
-0.000126
1.435712
3.022622
1.258543
0.332110
-0.078942
-0.486827
0.749668
2.771121
-0.542384
0.161069
0.086266
0.139006
0.014004
0.145007
-0.328208
0.352508
1.361851
1.622696
1.872169
1.688357
1.072576
0.704510
0.718080
1.164679
1.524577
0.594761
0.708339
1.087992
0.203612
0.667170
2.239420
1.990336
1.496321
1.135932
2.728901
1.247963
0.941425
1.632681
0.718757
1.605504
1.219431
2.095208
0.920835
0.885151
1.748021
1.796317
1.276085
1.560550
2.876607
0.798555
-0.413311
1.046051
1.242224
1.932785
1.376091
1.295112
-0.427947
4.974564
1.758276
2.525331
0.628375
1.271117
2.473912
2.923094
2.419458
1.988967
1.335052
-1.369915
-0.971068
1.518036
2.738603
2.431067
0.469291
-0.022982
-4.323202
-3.644875
-0.775665
1.189540
0.524913
1.610282
1.917447
2.481687
1.634740
-0.625200
0.182049
1.054998
-0.642321
1.291514
-0.715947
-0.540640
-2.222135
-0.149756
2.935498
0.440715
1.872880
-2.509385
1.448508
-1.035679
0.098370
1.741127
-0.459362
-2.058271
-4.054917
-2.405324
-0.908276
-1.445118
-1.320724
-4.210391
-0.931374
-0.013290
-0.174958
-1.556972
-5.494143
-4.427227
-3.518135
1.365090
4.943699
3.072715
-1.682892
-6.261546
-5.138515
-3.831061
2.123701
3.701349
2.764462
-1.591870
-5.679650
-6.723864
-6.826023
-5.547733
-7.159734
-7.578232
-4.502631
-8.951424
-6.454273
-9.321548
-7.524944
-11.513685
-10.058696
-5.045048
-7.550405
-4.610858
-7.178287
-0.855064
0.458679
2.969698
-2.122674
-8.168012
0.136909
-2.919423
1.393501
-0.675876
1.257269
0.082712
-5.595720
-2.214789
-0.310642
-0.109923
-0.284112
-0.437217
-0.432738
-0.239244
0.282528
-0.480343
0.309056
-0.003745
0.228786
0.617974
1.192603
0.556768
-0.020802
0.024542
-1.492937
-0.559783
0.778509
0.557840
0.112834
-1.108907
-0.319370
-3.977907
-2.309208
0.151043
0.493004
-0.058776
-0.234917
0.220262
-3.860683
-1.087191
0.999357
-0.010715
0.194375
0.320778
1.522072
-0.175830
0.665503
1.208903
-0.167618
0.815334
0.387443
0.560842
-0.676336
-0.725030
-0.627933
2.059235
0.381654
0.222729
-0.759668
-1.876062
-1.386538
-0.904179
-0.071934
-0.361758
0.712580
-1.969564
-1.482772
-1.287273
-2.402151
-1.396585
-2.308261
0.434168
-1.217801
-1.851364
-1.080371
-3.155843
-3.748426
-1.833840
0.674200
1.571229
0.122711
1.305477
1.041726
-1.421378
-0.981156
-1.118947
-0.552190
-3.800438
-1.606039
-2.198707
-3.605902
-1.739747
-0.368672
-1.140512
-4.989944
-1.624877
-0.809888
-2.875265
0.273199
-2.204394
-0.165418
-3.216797
-1.078303
-1.249753
0.000687
0.008085
-1.104180
-1.841658
-1.211395
-1.070783
-1.554393
1.192638
-3.884003
3.659611
0.340240
1.329837
1.946445
1.562899
-1.827527
-4.267715
5.114135
-3.100887
0.545163
-0.727076
-1.988902
0.206525
-5.589423
2.679786
-2.924835
-0.103482
-2.263108
0.479851
0.729717
-5.575986
-2.660037
1.306157
0.874062
-1.602754
-3.316118
-0.576087
-4.523131
1.316456
6.922243
4.210139
6.149352
3.045150
-1.506661
-2.652150
1.794824
5.717083
2.192805
7.104004
4.135259
0.041321
-1.222109
-0.478409
-0.568289
-0.817695
-0.765332
0.231666
0.352548
-0.018155
1.174384
-2.490324
-0.593235
-0.711932
-0.427928
1.793657
-2.318482
2.224852
-1.241394
3.089915
3.487081
-4.185812
-0.542040
-2.070862
1.043283
3.253500
4.386845
3.365510
3.170475
-0.467609
0.457529
-2.012758
4.954268
2.909408
2.854223
-1.787816
-0.053315
-0.452712
-4.779013
0.162752
-6.592280
1.740202
-2.228196
0.549401
-1.039014
-3.206627
-4.247520
-4.814116
-1.412666
-1.408964
0.610251
2.196398
-0.139218
0.969976
-0.502643
-0.110140
1.023762
2.269702
-0.191451
-0.568395
-0.655159
-0.163786
0.078559
-0.305670
0.984569
0.128021
0.250985
-0.002029
1.280616
0.923991
-1.334209
-0.224843
-0.226901
-0.209044
0.796793
0.305057
0.420547
1.021325
-0.714492
-0.207752
-2.513311
-1.205105
-2.350189
-1.096241
-2.015470
-1.609282
1.002780
-0.759306
-0.522338
-0.315975
0.040299
-0.645141
-0.807998
1.872957
-1.098978
-1.843354
-2.067983
-1.813592
-2.185454
0.921203
-9.171113
-3.406160
-4.559668
-3.495277
-4.196167
-4.451741
-7.138562
-4.415374
-0.432541
0.096055
0.306827
0.355026
0.242282
-3.447561
-5.005924
1.450696
-1.523200
-0.983153
-1.121970
0.277781
-1.780724
-4.119106
0.275859
-3.565422
-0.471220
-2.399976
-0.999588
-1.820972
-4.454959
1.485693
-2.820904
0.381754
-2.247904
-1.074800
-1.518119
-5.360398
0.740228
-1.581813
0.714900
-3.185227
-1.190620
-1.830593
-9.465201
-3.079762
-3.915147
-2.842510
-2.376142
-2.550832
-7.397315
-0.253234
-1.439310
0.299470
0.133420
0.609962
1.072066
-0.988442
0.178699
0.240225
0.901181
0.766060
0.460398
1.213892
-0.794513
0.276210
-1.249516
0.465858
-1.152722
-1.188023
2.683218
1.450821
-1.102714
-4.506612
-4.314262
-2.340549
-1.585559
-4.035646
-2.132960
-0.503453
-1.800954
-3.270561
-1.994900
-1.791838
-2.616056
-0.983397
-2.059570
-1.666792
-5.047449
-2.072433
-4.264681
-2.102976
-2.463084
-1.646242
-2.348491
-3.003189
-3.492742
-3.088894
-1.928336
-2.041514
-6.458791
0.784582
-1.305246
-0.756563
-1.258520
-1.359005
-1.926792
0.510661
1.454668
0.494908
-0.253496
-0.478683
0.379366
1.503988
-1.671515
0.408710
-0.992943
-1.020232
-1.220439
-1.482125
0.794181
-0.794234
0.291653
-1.330219
-4.949495
-5.351024
-0.626631
1.774339
-0.400311
-0.551376
-0.000626
1.336751
-0.134438
-1.114531
1.207851
0.106846
0.774590
0.532842
0.980838
-0.665109
-0.184677
2.115401
-1.023912
2.749357
2.017572
3.656898
2.917486
1.846016
2.134182
0.337280
1.861745
1.236175
2.154720
2.051606
0.580438
2.180804
0.686822
1.360564
1.186500
0.570677
1.286857
1.078774
1.291459
0.932227
2.161700
0.472661
1.200316
1.525997
1.081621
1.539852
1.337090
2.568333
2.151501
2.275816
2.076536
1.569998
1.524290
0.899277
1.555850
0.641178
0.846743
1.507532
1.135759
1.258086
0.093820
2.006983
1.769225
0.347370
2.094346
1.857495
1.106178
0.751010
2.246891
1.619950
2.864336
2.644239
0.931683
1.875822
-0.654729
-0.883422
0.517839
0.403798
0.454369
-0.513925
0.309233
0.699640
1.308827
0.921149
0.526144
1.165390
0.451073
1.140212
0.392939
2.978993
0.108579
-0.183515
-1.547561
-1.276809
0.600213
-0.595927
1.309052
-2.671292
-4.595737
-6.766520
-0.993375
-1.406677
-0.951922
-1.888786
-2.483141
-2.485075
-4.553368
-3.635988
-2.300133
-0.330683
-1.386007
-1.028718
-1.989019
-1.764981
-2.727081
-1.392378
-0.732641
-1.815910
-1.582605
-3.271298
-2.973946
-1.797384
-1.812067
-1.474326
-0.225657
-0.868424
-1.065595
-0.899782
-0.471427
-1.310793
-0.229115
0.095102
-0.497617
0.011821
-0.271484
-0.235536
-0.454845
-1.088384
-0.831428
-0.048286
1.591163
0.643863
0.309566
-0.960139
-1.215595
0.235408
-0.054539
0.379974
0.390137
0.405127
-0.901601
-0.733135
-0.562366
0.536698
-0.372371
0.728046
0.500011
-0.662695
-0.167360
-0.415810
0.387034
0.471873
0.201437
-0.006457
-0.738688
-0.403787
0.561754
1.129782
0.225420
0.486665
0.581137
0.077712
0.040867
0.431258
0.404860
0.475335
0.328286
0.248713
0.120489
0.109548
-1.138391
-0.669769
-0.732154
-1.472322
-0.472407
-0.123825
-0.298799
-1.500191
-0.150564
0.385810
0.106589
-0.430493
-0.620878
-0.476188
-0.176494
2.308969
1.924954
2.263899
0.457221
-0.104632
-0.126458
0.596205
1.530325
2.128518
2.378608
1.631335
0.598715
-0.072441
0.461456
1.622550
2.097272
1.194798
1.184542
0.174178
0.300136
0.382985
0.709518
1.885676
0.999803
1.026652
-0.636193
2.173552
0.529525
0.209669
0.127902
0.221016
0.465750
0.177724
0.594328
0.575845
0.714455
0.469878
0.694851
0.629858
-0.089869
0.822666
1.126950
0.659020
-0.394814
-0.943393
-0.124103
-0.111750
0.894221
0.431242
-0.410853
-0.090140
0.618057
0.149560
0.054802
0.508838
0.827432
-0.094688
-0.690744
-0.966654
0.086067
0.344684
0.283934
0.604880
-0.700682
0.217053
-1.219730
0.405361
0.227154
-0.085975
-0.480086
-0.276876
-0.929087
-0.222485
0.501502
-0.203721
0.322275
1.857435
1.390426
2.153033
2.064108
1.897474
-0.204616
1.689149
0.953039
-0.530180
2.359918
3.403439
1.664267
1.884116
1.288603
0.583948
-4.585497
-0.538573
0.188859
-0.200862
0.643510
1.115927
-0.651378
-6.174736
-5.139443
-2.807303
-1.171036
1.452950
-0.497846
-3.606362
-6.370994
-4.162211
-3.472065
-3.754563
0.259096
-0.546872
-0.960833
-4.467838
-1.720527
-0.807791
-0.401176
1.167606
-1.496652
-0.067795
-1.673600
-2.606453
-0.017946
0.669694
-0.581052
2.448658
1.629326
2.333081
1.610846
1.734775
1.931318
1.976553
1.299337
1.072758
1.304594
0.341524
0.355454
0.954214
1.251306
1.706835
-0.727092
0.309898
-1.018156
-0.643987
0.543028
0.340207
0.756207
-0.372259
-1.133891
-0.695504
-1.037616
-1.584527
-1.923128
1.145039
0.392793
0.875849
-2.066037
0.278156
-0.709513
-1.270118
1.620849
-0.520435
0.021569
-1.232099
1.123942
-0.290280
-0.238340
1.944767
0.746285
-0.137212
-0.592880
0.022801
0.551035
1.020281
-0.230407
-0.904082
-0.131049
-0.147961
-0.182882
-0.149258
-0.030464
-0.768005
0.028235
0.908969
0.855973
1.017671
1.038155
0.191578
-0.107165
0.531272
0.633550
-0.176443
-0.700779
0.808718
1.062288
0.394989
-0.301936
-1.624325
0.452088
0.132983
-0.485878
1.389018
0.251685
1.264376
0.553028
1.840218
0.952113
1.007392
1.887422
-0.342481
1.543735
-0.070517
1.318131
0.360617
1.480870
0.925022
-0.624466
-0.090863
0.599868
1.251664
0.169179
0.020223
-1.382248
-1.330963
-1.156732
0.666443
0.402009
0.484088
0.373795
-1.619561
0.185044
0.949457
2.150432
2.219287
1.963675
1.090828
-1.876830
-0.227605
2.389388
5.078562
3.209326
2.329917
4.164107
-1.446319
-0.393090
0.039195
0.322472
-6.221385
-3.601096
-0.628860
-3.100756
-0.013997
-1.584459
-3.069911
-8.694427
-5.794757
-1.496432
-1.963098
-0.019742
0.342386
0.839608
-1.137625
0.092999
-0.120899
-0.505066
-1.721716
-0.231997
0.054272
0.538018
-1.080777
0.533614
-3.564920
0.179287
0.577988
0.318590
0.402268
0.333429
0.646853
-0.123312
-0.073987
0.844950
-0.494684
0.017975
0.258046
-0.159072
0.214924
0.642136
0.735465
1.556893
2.017725
1.912422
0.910795
0.645961
0.537431
1.303167
3.604292
4.865115
6.676243
2.695097
0.821265
0.372976
1.426476
3.009322
4.066338
3.262499
1.824247
0.368565
-0.274293
0.898304
1.994466
3.215418
0.741801
1.273350
-0.223197
-0.019560
-0.139061
-0.916726
0.407892
0.816982
0.560213
-0.806723
-1.806620
-0.813410
-0.979930
-1.515634
-1.574689
-0.602433
-1.679381
0.533608
0.789829
-0.346047
-1.108732
-1.261872
1.230835
-0.197745
0.702170
0.577933
-2.820040
0.208953
-0.072502
-0.822620
-2.196466
1.047342
1.920570
-1.068951
-1.436703
-1.695605
-0.205097
-1.441141
1.146508
1.674610
3.305983
0.030000
-0.272688
-0.609212
-1.826125
0.066498
-0.540169
-2.277819
-1.278217
-2.216887
-1.885342
-1.338884
-0.018475
-0.629581
-3.254247
-3.859898
-3.962502
-1.751959
-1.201618
0.058547
-0.860337
-1.031853
-0.959190
-0.609030
-0.553989
-0.589837
-1.422975
0.231293
0.856461
-0.066420
0.704427
1.218189
-1.270286
-1.072161
0.404841
2.404322
4.524379
5.199628
2.506540
0.694158
-0.399417
0.099246
3.500564
4.850479
5.012974
3.437271
1.055128
0.427265
0.389859
0.561937
1.395882
4.828989
2.200562
1.357509
0.538184
0.277879
2.215418
1.384378
1.465405
1.631730
2.103419
1.127460
-0.197329
0.061332
1.129926
1.049909
1.217700
2.174204
-0.820679
0.467233
0.290362
-0.300250
-0.113291
0.278947
0.649427
0.213584
0.474217
-0.170140
-0.996971
-1.317652
-0.131344
0.543434
0.234760
-0.630282
-0.302776
-1.375724
-1.388941
0.211626
0.088795
-0.065176
-0.458785
-1.547574
-0.447451
-1.077475
-1.385547
-0.614937
-0.391162
-0.652354
-0.854702
-0.110246
-1.128187
-0.179262
-0.176986
-0.132802
-0.560468
-1.521513
-0.165192
-2.419707
-0.379807
0.554854
0.628458
0.504283
0.058251
0.411861
-0.187957
0.147470
1.881975
-1.104102
2.062398
0.815448
1.517234
1.292810
1.023962
0.202655
0.906829
0.777006
-0.319219
-1.235166
-1.264799
-0.074101
-0.000908
0.377535
1.034027
0.219023
-0.112504
-0.071729
-0.911987
-0.469859
0.421062
2.066382
1.726511
2.057339
1.345930
0.528285
-0.255774
0.132726
-0.878806
1.859018
0.390298
1.274972
-0.542507
-0.138327
0.955923
0.473938
0.577390
0.403324
1.477888
0.275942
-0.701745
0.033765
0.665108
0.847985
-0.493765
-0.377444
0.049349
-0.616700
-7.943922
4.100715
-0.035129
2.172676
1.454047
0.340730
-1.704745
3.841880
4.255081
3.210588
0.366632
0.790982
2.295174
3.602845
0.619647
1.921979
1.214586
3.194574
1.031734
3.308476
5.077754
2.400836
1.573702
-0.578583
1.962822
1.835421
2.173771
3.760835
2.200827
5.636067
1.146144
5.439081
2.848399
4.461739
6.619486
1.927051
3.327038
-0.957764
2.614729
1.254694
2.083560
6.618175
-2.343124
3.215328
1.490001
4.323599
2.401512
2.279439
1.141014
0.453375
0.172886
0.432705
0.514196
0.435018
-0.283301
1.008936
0.468293
-0.153024
-0.514973
-0.299253
-0.433188
-0.367946
0.018259
-0.209802
1.417514
-0.040446
-0.376920
0.378694
-0.734177
-0.819477
-0.469540
2.024357
4.387922
-0.243571
1.861684
2.453469
0.279731
-0.750329
-0.074611
0.372684
-0.717077
1.158480
0.657635
-1.172412
-0.153187
0.190090
1.484058
-1.416626
0.756740
0.929409
-1.375448
0.748681
0.154602
-0.450905
-1.236201
-0.999258
0.188237
0.956461
6.816364
1.140324
1.760728
1.431881
2.130413
2.739189
0.308202
0.949960
0.188663
0.701793
2.198170
2.641888
1.762398
-0.843694
0.149241
0.634744
-2.788563
-2.882446
-2.845496
0.257478
-1.187891
-0.686970
-0.196618
-1.744543
0.385074
-0.928389
2.798382
-0.440562
1.035722
-1.398029
-2.783760
-2.213058
-2.042790
1.447245
-0.420777
0.674856
-0.735932
0.029372
-2.223620
-1.827519
1.681148
-0.087323
-0.153424
-1.339610
-2.050731
-0.344363
0.170196
1.586543
-2.767038
-0.994498
-0.157181
-0.085293
0.069507
-0.185363
-0.104994
-0.800203
-0.035799
0.218507
-0.275143
-0.131489
-0.781683
-0.062624
-0.447240
-0.537326
-0.251494
-0.758774
-0.096293
-0.654869
-0.244981
-0.468464
-0.191686
-0.031043
-0.762974
-0.056971
0.614811
-0.465362
-0.887724
-0.963122
-0.139862
-1.292220
-0.156707
-0.448364
-0.023899
-1.021867
-1.155329
0.669172
-0.229209
-0.103792
-0.543505
-0.435060
-1.136811
-1.375806
-0.131526
-1.189507
-1.387765
-0.762034
-0.113667
-0.835928
-0.466897
-0.623371
1.259541
2.714331
2.647134
1.514110
-1.889205
0.647395
-2.151484
0.647258
-1.714861
-1.237342
1.468593
-0.686794
0.744414
-2.267774
2.183162
1.238839
2.296994
3.480560
-1.234310
-0.099476
-2.772939
-1.221871
1.383700
1.131492
1.273820
-2.596632
-1.023431
-2.964993
-2.103618
-0.008587
1.221557
-2.022130
-2.976522
-0.376307
-3.716052
-3.615826
-3.990063
-1.559362
-3.076305
-3.193133
-0.420062
-2.925344
-5.891974
-3.410638
-3.195192
-2.420364
-0.909800
-7.335170
0.923439
-2.755411
-0.960362
-1.070637
-2.215637
-3.466959
-0.065858
2.046168
-0.331023
1.234171
1.369054
1.100264
0.585377
-1.642238
-2.093870
-4.601214
-2.334686
-2.028527
0.178535
1.991576
-2.623626
-4.192452
-5.690301
-4.443785
-4.889260
-1.501599
-0.199389
-2.807312
-7.051850
-7.162065
-8.437657
-6.052224
-4.076087
-0.634180
-1.762864
-4.444306
-2.164732
-9.048642
-3.426586
-2.494310
-1.074197
1.887152
3.079479
2.988887
0.279001
1.409689
1.933709
3.167735
5.010573
2.663261
1.576252
0.168413
-0.066065
1.344771
1.291839
-0.272508
-2.412924
-2.201131
-3.487634
-4.749296
-3.785090
-0.993911
0.262243
-2.001335
0.033756
-1.402383
-1.914224
-3.345601
-2.676451
0.787459
1.683069
3.403874
3.305413
0.645541
-1.347797
-1.798432
1.162155
2.126663
3.030747
2.999978
-1.661256
-0.858603
-1.382706
2.053140
2.326977
1.948946
2.978946
-0.012702
0.777630
-0.992057
0.743759
-1.526903
0.466082
-0.355708
-1.988059
-1.787774
1.592074
7.941147
0.309665
3.730763
1.274717
1.953172
3.854951
1.172503
0.542287
-4.553298
-0.835330
-0.315543
-1.093760
-1.320713
-1.975072
2.258447
-4.028288
-0.485209
-0.737220
0.621316
-0.353388
-5.158417
1.272524
-4.119558
-2.648766
-8.658729
-6.751406
-4.221539
-4.648784
1.197584
-2.461400
-4.869686
-5.373513
-5.554884
-1.403908
-4.778724
2.126389
-2.290208
1.970608
-0.717669
-0.141225
0.412717
-3.294936
0.451758
-3.549628
-2.494634
-5.760709
-3.628369
-2.497922
-5.161070
0.105397
3.172269
1.657504
1.873413
1.245252
1.054245
1.718335
2.329639
1.624072
1.973382
1.189963
1.225498
1.907527
1.626076
1.355896
1.787027
-0.518710
-0.867666
-0.280711
-0.144151
0.558856
2.393310
0.707203
2.236244
2.486619
4.912431
3.900506
1.170244
1.470877
-1.520080
3.981598
2.337190
4.745881
-0.275330
0.552647
0.864178
0.291216
-1.477408
2.658507
0.761066
-2.182702
0.582498
3.181194
-0.384864
-1.882537
-1.575998
-0.405162
-0.480922
5.782686
2.950907
-0.183013
0.139032
-1.391299
-1.199473
0.146810
2.348706
-0.910372
-1.525656
-1.558946
-1.412021
-1.201043
-0.416735
0.748773
-1.787687
-1.459729
-0.634110
1.037843
1.395767
-3.032470
-0.834913
-1.817700
0.875674
0.878055
0.749010
0.952926
0.756218
-0.828861
-0.118294
-0.004918
-0.719712
-3.252288
-0.227673
1.481040
0.124143
0.081038
-1.175296
2.452238
-1.273055
1.477554
1.526265
0.250507
1.730528
-1.483625
-1.038520
-1.857260
-0.222397
-0.512608
1.786419
-0.946253
-1.556669
-2.137484
-2.023487
-1.819581
-1.897786
-0.569486
0.021436
0.133520
0.422623
0.662449
0.871982
1.030981
-0.354652
0.086347
1.820108
-0.170535
-0.169229
1.411053
0.380362
1.404958
0.285549
3.313381
0.624734
1.672669
2.828409
2.085049
3.228940
0.362079
2.488047
4.293154
3.395977
2.230198
2.518879
2.575547
1.345381
1.381189
0.898167
2.206894
1.539207
1.482173
1.515741
0.013247
1.641120
2.213187
1.655106
2.370724
2.391606
1.419279
-0.078711
-0.373207
0.524158
0.316015
0.225409
0.739926
-0.290229
-0.863548
-0.558080
1.054815
-0.229102
-1.425781
-0.273293
-0.740098
0.786482
1.356651
0.256266
0.323250
0.184509
-1.070611
0.668052
0.012124
-2.014159
0.749797
-5.514431
-1.587551
-0.317821
1.139216
0.251359
-2.712284
-2.269091
-1.232543
-3.430156
-1.133400
0.014771
0.029394
-1.967101
0.820745
1.466130
0.763613
-1.161139
-2.062431
-1.862473
-2.058060
-0.009771
-0.106917
-1.190304
-2.498819
-3.094125
-1.961495
-3.147196
-2.897864
-3.745797
-3.823704
-3.352895
0.248981
-3.577279
-3.638388
-2.819017
-4.596824
-2.919967
-1.466830
-2.359509
-0.905918
-0.984467
-3.586999
-4.824950
-2.140987
-0.509960
1.452347
-0.122927
1.104134
0.707059
-1.460513
-0.646249
0.231267
1.290863
-0.637771
4.559629
3.107853
-0.901881
1.717559
5.748584
2.024829
-2.981207
-2.960250
-1.023494
-5.002398
-4.355210
-0.262339
-1.394897
-2.099120
-5.687328
-3.876154
-2.843975
-2.128553
-4.599389
0.895367
-0.288401
0.947886
-0.024554
-0.295717
-0.508794
-0.103991
-1.236239
0.905997
-0.453585
0.129821
0.176445
0.045304
-0.099071
-0.909863
0.782785
-0.390405
-0.430708
-0.551187
0.179174
-0.103798
-1.264418
0.235998
-0.349368
-0.638061
1.030685
1.153423
-1.498900
-0.380668
0.319452
-1.778781
-1.918054
-1.703582
-1.066510
-2.594352
-0.245761
1.012160
1.220937
1.620441
0.595771
-0.316531
0.368106
-0.061884
-0.967921
-0.077116
-1.717409
-0.778024
-0.965443
-0.038573
-2.247422
0.679749
-1.027747
0.194815
-0.771481
-0.627715
0.207070
-0.211620
-2.387993
-3.879092
-2.305537
-2.511631
-2.734353
-2.241282
-2.114061
-1.778253
-3.834467
-0.995335
-3.651082
-2.917710
-1.597871
-3.069992
-2.472187
-2.113816
2.146767
0.393284
-1.654119
-0.265351
-4.948647
-1.023805
-1.345557
3.653791
-3.635766
-1.687376
0.243590
-2.925479
-1.193998
-3.370028
-4.058287
-6.350385
-1.372378
-1.604121
-2.985637
-0.357434
-3.866736
-4.300193
-5.268188
-4.363821
-3.292744
-0.863039
3.648792
-0.938125
0.945995
0.626234
0.902621
0.828237
0.755658
-0.291214
-2.027689
-0.844783
-1.070304
-0.444326
-0.075258
-0.459459
0.030839
-1.433161
1.852358
0.106346
-0.354815
0.957876
0.920162
0.396587
-0.092963
4.188362
3.977052
3.706783
2.181338
2.773725
1.111707
-0.667148
0.503759
2.232977
3.518388
0.643631
1.641054
0.513104
-0.271696
-0.255250
0.552864
1.830615
0.941366
1.996827
1.309339
-0.299524
-1.662030
-0.399371
-0.980713
-0.402860
0.779037
