-1.932803
-0.776161
0.004695
0.377747
0.337318
-0.352478
-1.466436
-1.237950
-1.190660
-0.554153
-5.223779
-4.628710
-0.370645
-1.192644
-0.846173
-4.667420
-1.592658
-3.066720
-2.813202
0.813245
-0.740396
-0.302215
-3.969275
-2.197365
0.634119
-0.010498
-3.829099
-2.935338
-0.544134
-0.296519
0.700985
0.257483
1.033021
-0.257729
0.315947
-0.139037
-1.915475
-3.756441
0.575215
-2.116695
-1.343523
-0.007737
-2.863584
-1.907007
-1.885056
1.500345
-2.056373
-2.069567
-3.955554
-1.605452
0.661340
0.621027
1.084729
1.036329
0.694612
0.318778
0.469486
3.410187
2.977444
3.223698
3.098848
2.791332
2.396816
0.907374
2.632313
1.531836
2.269606
2.365999
2.830650
3.013087
0.997327
0.855548
1.561442
-0.410471
2.795305
3.411667
2.057898
0.473868
2.870498
1.699870
1.367270
1.935909
0.817497
2.499470
0.466135
2.981684
7.095117
5.797905
2.499554
0.998344
2.358931
0.653876
3.222088
3.173797
3.149801
2.185025
2.282138
2.888336
0.861330
0.026392
0.286967
0.020609
0.116860
0.314094
0.845359
-1.516355
-3.971954
-3.728680
-4.962296
-5.351976
-3.886998
-1.986374
-0.978908
-4.173257
-3.772959
-2.901784
-3.771507
-4.574243
-2.865039
-1.617668
-2.811267
-0.411913
-0.258165
-1.762090
0.108857
-1.246875
-0.994601
-3.985574
2.002090
1.009431
1.436108
-2.862127
-2.203710
-1.186296
-3.936230
1.903819
-4.233033
0.170970
-2.106480
-2.229723
-0.634197
-2.951624
-3.563003
-2.044890
-3.670395
-2.964187
-1.268827
0.357728
-0.080762
0.116718
0.384698
0.370609
0.186418
1.239842
0.568771
-0.128680
0.009010
1.000384
0.810902
0.027044
0.393421
1.295458
-1.150039
-1.795881
-0.093290
0.173469
-0.459577
1.093304
1.157309
-2.026546
-3.195498
-1.359807
0.503057
0.981969
2.169712
0.845169
-0.326070
-1.975140
-0.509590
-0.507190
-0.159267
1.488085
0.563552
-0.488946
0.400718
0.174233
-1.944589
-1.739772
0.188663
-0.549293
0.225953
0.321188
-0.008227
-1.966277
-0.866685
-0.335640
-0.271436
0.013036
0.253659
0.286750
0.333024
0.063573
-0.817214
-0.203144
-1.327394
-1.506025
-1.507480
-1.983277
-1.796858
-1.137519
-1.112437
0.285051
-0.731708
0.280348
-1.920467
-0.742883
-0.422110
-1.247932
0.600319
-2.120322
2.144594
0.578039
0.286991
0.120905
-0.903411
-1.080976
2.316604
2.393340
2.500023
0.189096
-0.849288
-0.881441
-1.685440
4.153697
0.505664
1.884181
-0.219474
-1.093724
-0.579562
0.223884
0.315396
-0.638149
-0.454744
-0.076645
-0.832681
-0.122419
0.076083
0.336330
1.005117
0.766859
0.160274
0.556051
0.418453
0.722380
0.947332
1.079170
2.130100
0.728126
1.174024
0.819277
2.736795
2.269737
-2.356829
-2.271178
0.322926
1.900795
0.674655
2.223134
4.958144
-1.647556
-2.317311
6.068502
3.725938
-0.498957
-0.313980
-0.089180
-0.641516
-0.416691
1.300060
0.773595
-0.345477
0.170429
-0.334409
0.197717
-0.116825
0.027305
0.495817
0.111489
-0.482932
-0.387329
0.996878
0.359569
-0.983903
-0.379530
-2.193570
-1.936850
-1.706063
-1.786063
-1.794467
-1.937256
-3.053680
-2.262612
-1.941464
-0.870364
-1.208377
-0.646858
-1.196686
-2.830184
-1.443193
-0.239292
-0.077922
1.077209
-0.428338
-0.046960
-1.774819
-1.622574
-1.473102
-7.461797
-6.253892
-6.721079
-0.997361
-1.392879
-0.739020
0.070031
-2.816195
-6.931542
-5.498396
-1.940441
-1.578338
-1.962691
-0.389311
1.086664
-2.990997
-1.434669
0.211932
-1.870398
-4.120454
-2.742027
-1.559608
-1.047461
-1.681785
-2.554330
-4.721170
-2.102517
-2.752655
-2.573217
-2.506096
-2.637618
-2.586275
-3.003701
-3.246086
-2.628962
-1.910768
-0.031378
-0.239080
-2.005187
-2.781857
-3.294075
-1.521349
-0.272559
1.091088
0.586055
-1.803317
-3.317482
-3.101830
-0.193350
3.695413
2.422276
2.048276
-0.647068
-4.005343
-3.365871
-1.123969
2.914096
2.855898
2.438014
-0.081210
-2.863506
-3.280756
-0.913749
1.082411
0.201881
3.248882
-0.123322
-2.745231
-3.353264
-3.422204
-2.034101
-2.342948
-1.894178
-2.981324
-3.413267
-1.585182
-0.068055
-0.607106
-0.833537
-0.910908
-0.488896
0.331531
0.347213
1.660486
0.461423
2.014108
1.974285
0.528471
2.126998
0.296919
2.675235
2.588456
4.671561
3.463201
0.944013
1.590353
0.291859
2.792024
1.596707
0.428394
0.802730
4.295665
1.547956
0.749465
1.955018
-0.692449
-0.102022
-1.411986
1.162282
1.629238
0.624481
1.372698
-1.767254
2.651296
0.486061
0.732280
1.865485
0.456387
1.543883
0.955948
0.941854
0.409534
0.232830
1.815918
-4.780777
-3.236685
-2.616576
-2.762980
-2.853791
-2.770870
-3.471582
-3.845025
-4.103914
-3.366048
-2.446384
-2.561059
-3.504206
-3.598117
-3.592298
-3.493930
-1.679486
-1.053125
-1.385236
-3.531995
-4.225178
-3.419658
-3.110821
0.592416
1.356332
2.735613
1.258906
-3.191712
-3.442478
-4.290611
-0.832845
0.915239
1.738522
-1.371473
-4.131004
-3.158196
-4.867879
-2.493348
-0.016157
-0.098215
-2.693761
-3.435414
-3.640135
-4.466250
-4.130076
-3.039038
-3.058970
-3.328187
-3.217402
1.169307
-0.670839
-0.828860
-1.110096
-1.058852
-0.701056
0.301367
-0.360336
-2.116056
-1.243689
-0.739094
-0.972149
-1.332546
-1.492639
-1.098674
-3.882017
-0.953660
0.353161
-0.417928
-1.571667
-2.349803
-1.511017
-4.313560
-3.033949
2.076876
1.864005
-4.734827
-3.868580
-1.683448
-2.181050
1.025772
2.752128
2.956827
-0.901888
-2.284271
-1.297773
-2.671592
-2.146131
1.584084
3.483149
0.022372
-2.270490
0.198748
-2.142764
-2.599718
-0.714715
-1.291034
-1.382457
0.358770
0.206302
-1.203922
-0.935385
-0.766381
-0.821489
-1.298715
-2.233750
-1.025429
-1.374259
-0.902580
-0.117006
-0.189990
-1.669241
-2.827937
-0.247579
-1.233127
-1.074680
-0.490390
-1.952713
0.621743
-0.744519
0.163174
-1.454927
-3.435695
-2.511035
-1.264629
-2.215054
-0.046658
-0.281273
0.987865
-0.806022
-1.252955
-1.963652
0.621508
-0.305932
-1.331726
-0.889626
-1.991631
3.561647
-0.759964
-2.561575
-1.901416
-0.755283
-2.109737
-1.450214
-0.368106
-1.855970
-3.182888
-3.009402
1.246820
1.542848
0.999725
1.522919
1.251024
0.984219
1.085917
1.210191
0.839272
0.407949
3.293106
2.293205
0.777793
1.941847
1.635716
1.174566
-1.369992
0.853925
0.858853
-0.180802
2.316751
1.260239
-0.548901
-3.719095
-2.409796
-0.383770
-0.176991
1.646936
0.770834
-0.924794
-0.143376
0.500626
-1.111979
-2.111639
0.954071
1.632906
0.799483
4.484868
-0.509951
0.704437
0.676027
1.591690
1.552780
2.179282
1.672022
0.064148
0.738372
2.124633
2.190259
2.529246
1.097010
1.137487
0.708926
1.112896
1.387192
2.994097
1.678977
1.538113
1.294203
-0.467684
-0.211488
1.079103
1.675520
0.875915
2.053855
0.441983
-0.430329
-1.407108
1.223235
0.981737
1.177797
0.556222
-2.936084
-1.331576
-3.834562
2.090622
1.732993
1.004874
1.922972
-3.315648
-4.514826
-2.203692
0.443845
1.743215
1.324296
1.117075
-2.694391
-5.494524
-0.632683
2.633620
2.010496
2.638631
2.038321
0.992208
2.155874
0.453460
0.912796
2.843091
4.956439
4.256894
3.792394
3.161018
3.101912
3.760264
4.203982
4.046773
1.846944
0.753549
-0.845924
-0.526503
1.154376
2.916275
2.315298
-1.388290
-0.724214
-2.956420
-2.360456
0.042293
0.560346
2.639581
-1.900832
-3.214129
-2.012793
-0.687459
-3.997424
-2.418511
3.527587
-0.787908
0.451809
0.857750
1.686670
-1.480925
0.312318
3.790513
-2.488300
-7.969992
-1.281854
-5.386495
-2.981450
1.508353
3.825028
0.150398
-3.042905
0.426387
-3.282752
-2.057316
2.129135
-0.507355
0.872227
1.098837
0.622433
0.517313
1.244727
1.314680
0.255708
-0.721604
0.317935
-1.583367
-1.879618
0.101697
0.144943
0.052233
-1.859774
0.268175
-2.931957
-2.520859
-1.197731
-0.850293
-0.343181
-2.201958
-3.273801
1.114141
0.426737
-4.659360
-2.918001
-0.895479
-1.599567
0.917611
3.348873
2.201477
-2.304723
-0.503355
-0.085381
-0.538664
-1.297700
-0.785150
1.595319
0.592974
-0.172656
0.785565
0.196538
-1.734391
0.025693
-0.331073
0.918453
2.324085
-0.966460
-2.306056
-1.683057
-0.812834
-1.058002
-2.006635
-2.790166
-2.874149
-2.430372
-1.427599
-0.289200
-0.301233
-1.712034
-3.068029
-2.010714
-2.069867
-2.174532
-0.823489
-0.597772
-1.282169
-2.639345
-1.517594
-2.446389
-3.963464
-3.096414
-2.525138
-3.418637
-3.490288
-2.133155
-1.339991
-0.398786
-1.375127
-1.413619
-1.223597
-2.218458
-2.195598
-0.576682
0.091119
-0.042324
0.005273
-0.726967
-2.746245
-3.025868
-2.301989
-0.688038
-1.218853
-1.460180
-1.900655
-3.579621
2.936417
0.671287
1.018201
1.749798
2.097067
1.052357
2.216372
2.855948
1.729849
2.360615
2.898304
4.099023
2.607168
2.436149
2.605621
1.017191
0.005730
5.430740
4.334279
1.211141
2.211943
2.646639
0.221106
1.093334
4.394092
4.384310
-1.045193
0.273846
2.401321
-0.823269
-1.602716
-4.494307
-0.583033
-0.770399
1.127192
2.443662
-1.512062
-3.658754
-3.007120
-4.025261
-3.041189
1.787416
2.475456
0.747989
0.806613
0.421853
-0.911247
0.290610
1.234549
3.607970
1.969295
2.123097
2.033793
1.954129
1.983242
2.136689
1.466674
0.021396
-0.005650
-1.070547
-1.090899
-0.023260
0.625305
1.377029
-0.848630
-2.302089
-4.563952
-4.018595
-0.817744
0.664507
1.370335
-1.985798
-5.577049
-3.006666
-3.990288
-6.008001
-1.463170
1.468506
-0.091244
-3.203537
-2.184824
-2.864163
-3.423600
0.566204
1.395870
0.377406
-3.117337
-2.344593
-3.163069
-0.945526
0.800856
2.001863
0.830426
0.096125
0.764128
-0.584729
0.174439
1.323160
2.028258
1.288740
1.090133
0.955167
0.776007
0.865196
2.418398
3.100158
0.745759
0.164631
-0.725690
-0.703321
0.166424
1.646045
2.233368
-1.539769
-0.757855
-0.011672
0.885643
-1.324954
1.039230
1.985238
-0.761159
-0.497606
2.424742
0.006722
-4.615011
-2.786159
2.315727
-0.047450
-2.960766
0.704100
-1.982025
-3.520803
0.017219
2.681514
-3.269123
-13.050304
-4.842664
-8.857681
-4.340650
1.775101
3.463226
0.286520
-3.855131
0.009217
-2.595128
-1.525571
2.687791
0.808460
0.905919
1.126410
0.876875
0.880885
1.145021
1.175055
1.224347
0.801341
0.390262
-1.046840
-0.957808
0.739300
1.397601
1.141411
1.040631
0.505860
0.929289
1.693340
-0.074019
1.260290
1.361443
2.098230
1.780050
1.926436
1.521839
0.342228
1.767205
1.204537
-0.069183
0.027498
-1.225087
1.932116
1.110159
1.395801
1.334605
-0.245028
-2.266310
-0.952817
0.210926
-0.382028
0.777533
1.608769
1.515352
0.091812
0.476032
0.561723
1.030998
1.279493
0.675319
0.769120
-0.172636
-0.450345
-0.575144
-0.110748
-0.000279
0.955815
1.998226
0.027925
1.004737
0.923144
0.746944
1.812612
1.023311
2.279610
-1.274214
0.819977
1.620996
-0.319753
1.919510
1.195758
1.251378
-2.241676
-0.873618
-1.852016
-1.479007
3.626679
1.664688
1.635262
-0.485479
-5.133792
-2.114779
-0.734155
2.443246
1.636879
3.176802
-1.046156
-3.052204
-0.722211
1.031784
2.442618
1.514090
4.023704
2.437568
0.939319
1.577405
2.867730
2.375305
5.518909
2.107870
1.699069
1.748910
1.716739
1.804777
4.190585
1.851447
0.532132
1.023065
3.049549
2.640661
1.300540
1.809603
1.863998
0.602638
0.703534
-0.311866
-1.758405
0.635319
1.525101
1.360845
-0.987671
-0.588183
-0.561469
0.962521
-0.940918
-0.095125
1.324970
0.832156
1.655356
3.241329
2.467192
1.939096
0.958666
1.394942
-1.168629
-0.266049
-0.310980
-3.485237
-2.166070
0.895794
4.689464
0.618278
1.367087
-0.523869
0.094592
0.625699
4.219744
4.666020
0.938424
0.775184
0.299293
0.319317
1.075121
3.199939
1.158493
-1.427390
-0.469947
-3.429535
-3.370303
-0.849161
-0.889244
0.354883
-3.000805
0.123990
0.377340
-0.348512
-0.901010
-1.132441
-0.141264
-2.778089
0.440642
-2.239820
-1.130962
0.003240
-2.046330
-0.517731
-0.736908
-1.086335
-1.289831
-1.987349
-1.614515
-1.138030
-0.384469
-3.049053
0.819844
0.808380
0.730288
-1.397238
-1.203365
2.557539
-2.148582
-1.859505
-2.330132
-2.731771
-2.326025
0.821367
-0.098946
-0.069023
-0.231697
-0.823152
-0.766273
0.003628
0.121880
-0.319773
-1.057569
-1.451172
-0.929456
-1.647127
-0.901831
-0.605926
-0.663368
-1.162914
-2.082590
-2.006908
-1.481107
-2.147117
-1.991345
-1.248013
-0.700200
-5.277379
-4.344340
-2.630857
-1.694475
-0.918023
-1.647790
-2.171468
-1.810435
-1.521338
-0.950799
-0.426733
-1.566652
-0.892891
0.462923
2.268079
-0.180414
2.612183
1.665098
-1.451150
-2.363682
-0.912395
-0.345210
-0.619835
0.538362
0.164424
-2.467400
-6.027450
-2.681909
-2.623514
-2.665555
-2.695214
-2.702145
-4.629858
-2.048092
0.237907
-0.233389
-0.927759
-0.380820
0.130457
-0.182661
-1.838210
-0.171322
-1.177375
-1.229675
-0.916816
-0.526945
0.335734
-1.808736
-1.553577
0.697045
-0.483298
-0.641983
-1.573661
0.638560
-2.042203
-0.284916
-0.572717
2.369862
1.400854
-2.376792
0.085069
-1.262166
1.703892
-1.200092
-0.443882
0.982531
-0.015482
0.224791
-1.553466
1.547656
0.131142
0.321485
0.881745
1.857906
1.001323
-2.670122
-1.511392
-1.604040
-1.317829
-1.321895
-1.478134
-1.722660
-2.090357
-1.254509
0.480336
0.894107
0.419517
-0.122588
-1.613675
-2.563134
0.983633
4.355733
5.548259
2.077543
1.722878
-2.510124
-2.866298
3.470458
6.069173
-1.971116
0.093447
7.628500
0.803160
-2.848364
1.141254
2.446004
-3.223057
0.155622
5.047525
-0.381580
-2.855180
0.593943
4.383250
4.359819
2.872466
2.944930
-2.157265
-2.700192
-1.394560
1.014493
0.711349
2.994286
0.410760
-2.313956
1.129814
-0.131814
-0.140184
0.145658
0.170993
0.089943
0.305719
1.201258
-1.145395
-1.370914
-0.785349
-1.046195
-1.020035
-0.561852
1.093827
1.230157
0.760768
-2.390888
-2.052767
-0.611289
-1.355757
0.897225
1.969196
4.205043
-2.922937
-0.740167
4.881857
0.726041
0.304381
-1.174870
0.434915
0.029142
1.109931
0.654293
-0.861058
1.119681
0.527713
4.684947
-1.607602
3.385052
1.816281
-1.878946
0.093412
-1.129639
0.801143
-1.526372
2.028082
0.733966
-2.016688
2.802768
-0.335788
-0.361575
0.167057
0.160500
-0.430187
-0.101133
0.617547
-1.191346
-1.238420
-1.401078
-0.794959
-1.256098
-1.631531
0.755618
-1.035760
-3.123063
1.285580
0.281654
-1.132470
-0.504015
1.001542
-1.333260
-3.380857
-0.937143
-2.515049
-0.990126
-0.952350
0.771193
-1.612283
0.487334
0.288174
-1.628266
-1.120288
-0.705451
0.705537
-0.994804
5.277020
0.313730
2.007083
-0.717641
-1.219316
2.094291
-1.612129
-0.875377
-1.629908
-1.436806
-1.140365
-0.251586
3.029972
1.084162
0.828474
1.337719
0.916089
0.771736
1.921509
0.745314
-0.698275
-0.880295
2.101730
1.129576
-1.301562
0.523736
0.683451
-1.086427
0.974349
4.795179
3.860228
-0.119088
0.363330
0.437407
-1.907434
-2.270115
4.660233
3.224331
-7.087754
-0.553052
-0.368394
0.385136
-1.427337
0.910177
-0.363889
-1.021778
-0.008211
0.579016
-0.122972
-4.769356
-0.543426
-4.934916
-1.661606
0.074482
2.116089
1.437253
0.577504
0.958436
-0.320274
0.272275
2.629916
2.260276
0.098676
-0.043973
-0.206161
-0.270179
-0.003260
0.686615
-0.224905
-0.895920
-1.468604
-3.676751
-2.977518
-1.194893
-1.337854
-0.419431
-0.668446
-4.242674
-7.843962
-8.197196
-2.776873
-0.289619
-0.327259
-1.745120
-5.719237
-3.116091
-6.894688
-5.242162
0.337110
-0.347316
-1.385714
-5.854351
-5.674111
-8.521446
-4.072374
-0.451662
-0.437075
0.276495
-5.699447
-3.826248
-5.768890
-2.958730
-0.754689
-0.460113
0.830516
0.933597
-0.123302
0.198508
0.571994
-0.827480
1.800198
0.622966
0.330066
-1.060728
-0.934896
0.553719
2.522827
1.948146
0.486475
-0.870436
3.568156
2.896791
-0.696362
2.022599
0.902506
0.929629
-0.815217
5.113964
3.618017
-0.929102
1.343351
0.490170
2.450610
4.448122
2.793641
1.862461
7.349759
3.988987
0.950348
-0.008829
2.864438
6.055760
2.167697
1.870301
1.169332
1.278250
1.451664
4.812814
4.116123
4.128945
1.420953
1.169251
2.589344
-0.069890
0.560843
-0.193079
-0.662404
-0.785784
2.042623
-0.061305
0.157915
0.247324
-0.213001
0.005137
0.288135
0.449236
0.133964
-0.625391
-0.510983
-2.794603
-2.372215
-0.530798
-0.703873
-0.631864
0.791342
1.829917
-5.516535
-3.706919
-0.145248
-0.739367
-0.885174
1.024686
5.225878
0.983998
3.168026
2.245126
-1.511103
-0.704404
-1.881373
-3.312728
0.217815
-0.451332
-1.427245
-0.900575
-0.592934
-2.388528
-4.854939
-1.235492
-3.861314
-2.597964
-0.600396
0.775227
-0.453017
-0.926311
-1.912042
-0.100636
0.188665
0.211003
0.868135
0.362466
0.433571
1.105864
0.859329
0.328719
0.235335
0.273607
-1.279908
-2.115995
-1.488244
-1.556411
-2.141952
-0.589209
0.173533
-2.381608
-0.998950
3.885577
2.987512
-1.876550
-1.289398
0.223897
-0.849059
-0.464629
4.124661
4.869777
-1.269966
-0.367617
0.036427
-1.247896
0.786486
1.281210
1.787593
-1.245960
-0.992414
0.804427
-1.210435
-3.941449
3.723995
-1.326313
-2.890211
-0.801485
1.032004
0.565695
-1.024585
0.211406
-0.432559
0.366521
1.043386
4.669635
3.806336
4.299742
5.019189
4.648873
3.906451
2.264201
1.925045
-1.080547
0.830743
-0.388572
-0.089622
0.492652
-0.638119
2.368094
0.015847
0.793349
1.082253
1.232062
0.821937
0.509622
2.139719
-1.037661
-2.712214
1.444998
1.369389
1.877489
0.962811
1.854757
-0.839143
1.888030
2.929791
1.006457
-0.385830
0.708624
2.430654
0.520940
2.072619
2.187978
2.756302
0.655946
0.311610
2.214689
0.335261
0.565113
1.206937
1.136607
1.200261
0.953284
-3.499859
-3.442713
-2.711272
-2.617247
-2.639096
-3.051321
-4.500267
-3.467094
-3.864641
-2.476756
-5.649693
-5.698312
-2.955492
-4.803112
-3.143360
-4.951622
-3.989318
-5.188091
-5.976522
-3.526688
-4.074812
-2.896651
-5.609661
-4.689514
0.856040
-1.967405
-9.637234
-7.522154
-2.984784
-3.047981
-3.994555
0.065057
-2.868984
-5.031610
-4.388911
-3.258895
-4.923735
-6.176851
-1.926354
-6.802135
-6.337767
-3.770317
-4.922760
-4.801908
-4.984763
-3.359551
-6.052121
-6.089768
-6.023993
-1.357954
-0.541776
-0.266657
0.024389
-0.034653
-0.580443
-0.954554
-0.869578
0.684227
0.302621
-2.385695
-0.990378
0.013727
0.267631
-0.170910
1.906913
0.048043
-4.516615
-3.852357
0.485679
2.014997
-0.544874
-0.883415
-0.462811
-4.957518
-4.708291
-1.118229
0.189371
-0.695485
-0.980758
-1.664151
-2.674303
-1.798850
-1.742121
0.043905
-1.035775
0.463054
-0.617222
0.023408
-1.310676
-1.396354
0.092304
0.860298
1.317385
-1.344627
-0.156737
-2.076107
-1.578262
2.018841
0.959816
1.052386
1.081821
1.019170
0.970339
1.091646
1.328432
1.181439
0.829858
0.476829
3.334431
2.356717
0.645891
1.622930
1.203159
0.390692
-1.060609
3.355701
1.611276
-0.111544
1.825664
1.186785
0.937854
1.727469
5.009471
4.831689
2.053615
2.358120
1.028744
0.585728
4.106011
8.226824
4.941272
1.654788
1.691699
1.080549
0.477072
4.919725
4.515181
2.213262
-1.178627
1.258365
0.636171
0.830340
1.761031
0.747858
-0.320278
0.031983
0.860198
-0.666967
-2.329391
-1.812567
-0.634849
-0.830148
-2.005295
-2.579611
-1.865504
-3.001992
-2.227468
-2.329384
-1.649173
-2.310935
-3.430360
-1.148259
-1.114149
-3.847906
-6.171187
-7.668619
-2.949803
-1.812628
-0.966604
-3.093370
-0.443861
-0.946954
-2.661148
-3.904939
-2.899124
-1.494217
-3.735551
-0.723753
3.550611
0.572579
-4.695741
-2.347731
-1.444854
-2.781042
-3.014118
-4.101718
-4.692965
-5.127586
-2.731214
-2.147387
-2.491802
-2.510439
-3.199862
-2.138605
-1.909744
-3.996228
2.959152
1.856047
2.191698
1.758171
1.898382
2.241476
2.302600
1.000080
-0.514777
-0.413769
-0.817420
-0.391098
-0.043633
0.247321
1.081067
-2.981248
-3.316170
-13.470558
-8.655947
-0.603251
-0.188276
1.635712
-4.931794
-11.005843
-11.269988
-9.366550
-11.069887
-3.637209
1.729430
-0.807504
-5.886847
-11.446630
-8.213539
-5.996377
-0.109892
1.604048
-1.255653
-7.372097
-8.812384
-4.532536
-2.199431
0.527884
2.035019
-0.288591
-1.115630
-1.041132
-1.541251
-0.959527
1.062305
0.169657
1.523133
2.470142
1.542521
1.731220
2.131052
1.116896
0.137121
-1.389706
0.296794
-1.396097
-0.803493
0.097087
-1.010370
0.718809
-0.514544
0.186327
-2.504677
-1.881153
0.601883
0.015409
0.862263
0.811539
-1.682996
-1.149501
-2.347962
-1.089426
-0.164717
0.965687
-1.171386
-2.344334
-3.741167
-3.303936
-1.087490
-0.209766
0.352138
-2.003897
-2.324738
-2.960292
-3.538274
-1.768279
-0.534825
-1.535381
-1.607363
-1.707763
-1.266150
-1.374051
-1.055728
-3.278345
2.260447
0.947255
1.002353
0.950750
0.937213
1.170560
0.611235
-0.036521
-2.034130
-1.927256
-2.907871
-3.023445
-2.386145
-1.968541
-0.360052
-3.243286
-2.240768
-1.294003
-1.856699
-1.067667
-2.244547
-0.426735
-3.677866
-3.376726
1.820059
-0.491306
-4.783010
-3.496895
-0.479487
-0.129031
-3.453823
3.326135
-2.062567
-1.466819
-1.610445
0.396438
-0.965533
-5.100098
4.039684
-1.491066
-0.166191
-1.314754
-2.026755
-3.748504
-2.048556
-0.576301
-1.544761
-2.809632
-3.937307
-0.482975
1.312091
1.143596
0.990286
1.112385
1.268988
1.227102
1.244604
1.916544
0.870993
-2.797322
-1.635969
1.111660
1.921406
0.995797
-1.480621
-2.323766
-2.603957
-2.750083
-0.062581
1.722619
0.843100
-4.761405
-11.470051
-5.888600
-5.882574
-8.101898
-2.313309
0.961960
0.628637
-4.021523
-7.406230
-5.002552
-3.403953
0.508626
1.083688
0.889075
-2.656829
-5.289248
-0.489833
0.770533
1.801825
-0.396030
1.776861
-0.369158
1.625679
-0.025552
0.730079
0.283001
-2.320896
-1.350869
-1.385347
-1.634750
-1.721548
-1.340340
-1.726621
-1.585847
-1.174558
-1.191690
-1.263334
-1.524287
-1.132535
-1.348063
-1.823457
-3.131539
-0.058966
-0.896679
-0.200016
-0.128119
-2.093956
-1.711862
-2.481365
0.363337
-0.896993
-0.438190
-0.191080
-2.271842
-2.092933
-1.288523
-0.408315
-0.487165
-0.729527
0.126204
-1.724263
-1.678001
-1.304317
-2.138262
1.043237
-0.151078
-0.345475
-1.722083
-1.652920
-1.838846
-1.223519
-0.493421
-0.395566
-1.062546
-1.317214
4.963033
2.832053
2.113625
1.511936
1.465752
2.393147
4.311253
3.391978
1.192180
0.887136
4.422756
3.659892
0.974461
3.388318
2.077104
1.039001
1.551459
2.702443
4.612687
1.602087
2.029737
2.240181
0.142456
-0.181272
-1.591962
-1.902710
-1.474503
0.460664
1.950061
1.699513
0.912354
-2.454503
-0.918489
1.145903
1.019371
2.754519
2.530041
2.305235
3.012675
2.900302
3.157518
2.144814
4.595332
0.820119
1.248102
1.463964
1.585540
0.244895
2.971001
2.937887
2.857674
2.844121
2.812620
2.914687
2.935266
3.122300
1.589119
2.762702
3.206906
3.027150
3.433447
3.122289
1.689029
1.550214
5.182149
2.801214
-0.073953
-0.552186
2.235566
3.544605
1.462113
3.614218
-1.267375
-1.462406
-2.632244
2.182356
3.141512
0.969097
2.071410
-0.544983
-1.122221
-0.718544
0.507391
3.418464
0.715527
2.861808
1.670880
0.227546
-0.318693
0.698737
2.746439
1.172769
4.326261
4.253021
4.251863
3.634723
4.533015
1.321171
3.017740
1.004865
0.209659
0.025990
-0.199471
0.447271
2.724046
-0.477534
-1.636533
-2.310976
-1.830312
-2.367944
-1.874196
-0.658927
-0.804182
-1.241184
-1.052698
-2.212543
-1.938296
-2.607041
-2.636642
-1.032636
-0.706985
1.043057
-0.472362
-0.196160
2.112458
-1.074042
-1.073726
-2.695312
-2.112571
-2.746930
-3.113507
-1.956730
-2.918284
-0.789863
-2.104659
2.191273
-2.635369
-1.130601
-1.261474
-1.900910
1.010736
-2.831126
-2.769580
-3.498528
-0.908113
-1.254018
0.512281
-3.268104
-1.501223
-1.144106
-0.337296
-0.366036
-1.241323
-2.546009
-2.189116
-1.293595
-0.874515
-4.009860
-3.688947
-0.932603
-2.492250
-1.632029
-0.234421
-0.882789
-0.997458
-1.427201
-0.739456
-1.784491
-1.841221
0.889734
3.522135
2.343644
2.897366
5.516026
0.758640
-1.982592
-1.427208
3.436679
4.464611
4.026051
0.856677
-0.962040
-2.189072
0.524073
3.362739
1.272069
5.056690
1.366251
-1.715520
-3.507681
-1.194677
-0.615276
-1.576805
-0.241409
-1.242246
-3.274281
0.269672
1.195106
0.496986
0.496157
0.397869
0.650894
0.080657
1.211040
1.867257
0.826164
-1.707212
-0.905055
1.137341
1.621256
0.506401
1.123554
-0.806732
-4.323205
-3.397217
-0.704196
0.534588
0.412667
-0.460975
-2.484094
-0.382162
-1.906006
-4.463902
-0.722355
-0.007064
-0.067780
-3.488132
-2.208965
-3.231722
-3.572234
-0.240921
0.745958
1.063013
-3.744384
-2.593472
-1.830318
-0.146074
0.888925
1.525750
2.281241
0.130533
0.940751
1.251546
1.991212
2.228686
-1.828767
-3.437378
-3.218669
-2.574126
-2.915837
-2.951382
-1.631677
-3.318577
-2.691660
-3.079235
3.392223
1.992955
-2.689447
-2.374019
-2.284599
1.196575
-0.244111
7.224232
4.953735
-3.361990
-2.391934
-1.905833
4.594153
6.548290
3.183198
1.250751
6.283297
1.563822
-3.083898
-2.683989
0.956620
1.081473
0.269623
-0.473403
-1.102681
-2.315657
-1.388040
2.829622
0.871032
0.708813
-1.251414
-1.720243
-1.796798
-0.742550
-1.131622
-0.306214
-1.769230
-0.518509
1.391682
2.271615
0.093994
1.090488
1.530636
1.367018
0.887589
1.559650
0.486120
-1.119572
0.661168
-0.686218
-0.566366
0.548341
0.330860
0.669291
-0.583632
0.766049
1.075238
1.268371
-0.283416
-0.070553
0.886786
-1.662612
-2.350199
-1.669237
-1.071656
1.916120
1.422892
0.198393
-1.461620
-6.269326
-4.215173
-3.578989
-1.871902
0.299798
0.633338
-1.959513
-6.633684
-3.488175
-7.274643
-2.987306
-0.065548
1.811813
-0.843026
-0.451388
0.890882
-1.911120
-0.829850
1.785447
-1.256778
-1.637033
-1.070489
-0.532455
-0.974272
-1.352853
-1.717681
-1.771487
-3.191411
-1.855282
-1.218059
-1.844632
-1.892684
-2.792401
-1.404976
-1.001669
0.307345
-0.150025
0.191313
-0.962204
-3.320419
-0.945184
1.769041
4.636149
-0.527424
-0.359525
4.235014
-0.712520
-1.574681
-2.500557
1.357876
0.854895
0.441752
1.832749
-2.038116
-1.125309
-1.405016
5.198820
0.861220
2.097215
-0.284608
-2.919236
-1.523746
-3.387400
-2.115145
-2.058262
-1.828671
-2.431124
-2.855237
0.022532
0.397940
0.631888
0.708052
0.584651
0.725596
0.294272
-1.349914
-0.380552
0.278486
4.117766
3.303304
-0.029226
-0.602640
-0.835687
2.021853
2.065518
8.283833
8.091352
0.638926
-0.249243
-0.777998
2.534088
6.135977
4.461178
3.576172
4.159760
1.274168
-0.605511
-1.128576
1.600628
0.898012
3.174542
0.398592
-0.308259
-1.327422
-1.031668
3.703606
0.074718
2.389871
-0.860044
-1.085774
-0.867310
-1.174746
-2.638970
-0.998758
-1.834366
-1.356181
-1.136178
2.574552
0.926778
0.493019
0.532910
0.619801
0.682713
1.134778
2.055159
1.617434
0.800746
-0.222063
-0.122620
0.607621
1.471245
1.461592
1.560246
3.204869
3.100399
2.637331
2.236176
1.082903
1.428257
1.558645
2.006260
-3.654737
-3.663778
0.563752
0.048565
1.258272
2.542360
-3.272210
-5.998847
-6.607673
0.950544
0.863391
1.445689
0.817215
0.649770
0.593751
-3.770006
-0.047134
0.737239
2.773985
0.635781
1.723006
0.353435
-0.159073
-0.578169
1.665687
1.448232
0.287782
0.910937
1.106441
0.864532
0.639063
-0.783595
-0.810969
-0.960008
0.335404
-0.047407
0.042336
0.215133
-1.708215
-0.650155
-1.616963
1.080690
1.640077
2.087922
0.556019
-2.501059
-0.658731
-0.419774
-1.909229
-1.217350
-2.912937
-4.417180
-2.159664
-1.891954
0.677585
2.360492
-2.679269
-1.311905
1.616160
-1.151654
-1.205200
0.351080
-1.057962
1.922883
1.401774
1.426450
-2.060727
-1.305832
-2.067563
-0.852662
0.557569
0.000491
-1.130387
-2.466267
0.311131
-1.262049
-0.867552
-0.526526
-0.584138
-0.842593
-1.008238
-0.547778
-1.474215
0.354084
1.361588
1.399395
-0.301376
-1.036885
-0.003585
0.663802
0.255714
1.080455
1.691316
0.673837
0.028620
0.481964
1.511683
3.054203
4.091880
1.806857
-2.686605
0.141709
0.787108
1.952435
1.261538
2.413702
-0.465347
0.511562
1.827080
0.423431
0.710573
-1.209053
2.165822
-2.641031
-0.965654
0.996540
-0.166852
0.526613
2.550371
2.042625
1.512753
0.920290
-0.817349
2.818758
1.289231
0.450146
-0.134762
-0.201688
0.781222
2.531468
1.059288
1.354312
1.723708
-1.808729
-1.533753
1.576981
1.778937
0.312952
-3.939404
0.360030
-0.668579
-1.804200
1.661667
0.844693
0.565221
-5.359798
-7.008482
3.356421
4.154700
-7.553121
-3.743546
1.076127
0.479802
-0.428138
0.824883
-1.006413
-2.044343
0.460109
0.834682
-3.249883
-11.035213
-1.744531
-4.981563
-4.606857
1.663495
2.011393
0.221593
-2.203859
0.893094
-1.740551
-1.170963
2.556345
-0.845240
-1.177670
-0.820698
-0.895439
-0.776421
-0.826605
-0.580605
-1.675644
-1.869484
-0.678425
-0.535477
-0.429577
-0.721670
-2.019861
-1.294260
-2.179615
1.594393
0.850529
2.475794
0.618198
-2.577442
-1.189342
0.356611
4.102506
2.869926
3.197159
-1.227200
-3.137308
-0.658278
0.453157
4.867473
5.274015
4.134367
1.982857
-1.250105
-1.316458
-0.507372
0.436449
-0.192730
2.021870
1.534241
-1.752644
-1.296049
-2.790867
-1.074484
-1.701189
-0.044331
-1.261816
-1.817455
-1.782790
-0.175919
-0.572647
-0.531610
-0.221046
-0.332161
0.476324
-0.774172
-0.466857
-1.288378
0.171745
-0.360065
-1.376255
0.269778
-1.745746
-2.075751
0.416524
0.077428
0.503659
-0.296078
-1.128924
-2.082497
-4.297766
-4.643688
-0.964902
0.315668
-2.286149
-1.846748
-1.269483
-0.072382
-0.520231
1.814212
-0.031344
1.288386
-1.306900
-1.108595
0.203549
0.350149
3.690700
3.503653
1.746078
-1.307812
-0.186242
-1.012354
0.003828
-0.280450
0.092238
-0.821004
-0.293261
0.272048
-1.025537
-0.479940
0.549149
0.540583
-0.489261
-0.610560
-2.284421
-1.840446
-0.019298
-2.065678
-1.713116
-0.859550
-2.965907
-1.686600
-3.488732
1.027364
-3.601202
-1.843534
1.491755
-1.145308
-1.629365
-3.756655
-0.063584
1.685904
4.836762
0.364804
-2.369633
-1.727105
0.501256
0.092819
-1.434593
0.610546
2.109302
-0.908056
-2.174645
-0.913148
-2.258831
-0.441561
-1.815552
0.083874
-1.670436
-2.623326
-2.053748
-0.304921
-0.662238
0.808639
0.463989
-2.615463
0.550606
-0.645557
-0.219074
0.065480
-0.168151
-0.307788
-1.049473
-1.087632
-1.048623
-0.770305
1.445652
0.439547
-1.664072
-2.370796
-0.922073
2.001457
-0.378952
2.307897
0.592738
-0.868942
-1.287230
-0.951189
1.986346
-2.468943
-1.463718
-0.786060
3.507241
0.708466
-1.485796
0.066082
-1.157680
-0.473034
-1.647400
0.143335
-0.835355
-1.287117
0.061427
2.713941
4.286201
-0.575532
-1.682906
-1.368296
-0.923162
-0.033846
1.465359
0.335033
-0.625092
-0.629525
-1.930323
-4.788671
-3.149774
-2.542923
-1.689175
-1.851395
-2.753111
-3.615143
-2.110991
-0.404655
0.906208
3.946728
3.804764
0.651520
-1.580433
-1.225691
2.117510
0.317862
2.676056
1.035925
1.024858
-0.301435
-0.838005
1.110264
-4.071301
-2.235961
-3.575552
-1.258053
0.956430
-1.569187
-0.101381
-4.129103
-4.413252
-5.903446
-1.817725
0.352620
-2.065703
1.226732
-1.305493
-2.880466
-5.682916
-1.720169
-0.937078
-2.509813
-0.310536
1.017389
-0.459931
-0.916897
-0.645733
-2.113618
2.599865
0.922982
0.434278
0.626429
0.448619
0.447689
1.221017
0.845585
-0.227193
-1.091873
-0.383056
-0.608971
-0.523806
0.854339
-0.047680
1.146481
-1.033345
0.907728
-0.800718
-1.698531
0.309133
0.643603
1.878634
4.440358
2.712446
3.797410
4.408448
2.274071
0.259769
-2.925393
2.891457
4.144995
4.303874
0.464875
0.103800
0.758866
0.596797
4.009086
2.150038
6.072798
0.744808
0.015893
1.879472
1.419846
0.741394
-0.519634
2.141953
2.268466
1.448230
-0.740261
-0.045121
0.195564
0.507748
0.538013
0.174877
-0.643739
-0.648163
-0.101246
0.113523
-3.312767
-4.059474
0.246043
-0.205359
-0.436697
-3.500076
-0.797367
-7.496147
-5.853467
-1.288499
-0.612379
-0.220838
-3.098541
0.473375
5.019002
3.808905
-5.877518
-3.560840
0.236898
-0.745190
0.628200
7.079791
2.885923
-0.940878
0.140266
-0.127327
-2.620528
-4.715125
0.329500
-2.702514
-1.975844
0.118895
-1.160387
0.093305
0.053833
0.359452
0.526808
1.210721
0.267959
-0.851641
-0.427569
-0.700001
-1.219776
-1.002502
-0.596259
0.165504
-0.354303
0.566318
-0.014058
1.136283
0.842329
-0.184802
0.796666
-0.072860
1.346883
1.226499
2.363322
3.871818
0.561350
0.455882
-0.188357
1.880461
2.056755
2.502883
4.030864
1.955871
1.548278
0.330732
0.889016
4.867181
3.094374
3.423921
1.383374
0.160272
0.298519
0.491533
5.177758
2.689335
6.677772
2.604198
0.962107
-0.295158
0.481714
1.561574
1.212210
1.242598
1.079674
0.705395
1.464703
1.795669
1.936214
2.966422
3.064477
1.807890
1.554402
0.925322
0.420384
0.429828
-3.297091
-2.682657
0.532694
1.015932
0.059503
-4.364931
-2.300596
-2.458222
-3.115049
0.047972
-0.038001
0.166248
-6.634298
-5.183457
1.096926
1.119249
-7.783326
-4.934543
0.166945
-1.305562
-0.632702
4.675022
1.827581
-2.773373
-1.749431
1.030077
-1.843258
-4.179471
-0.141283
-2.754775
-2.553174
-0.189661
1.836882
1.353247
0.012370
0.005345
-0.718495
0.787469
2.578914
-2.235222
-1.984903
-2.116157
-2.533364
-2.361605
-2.100813
-1.919989
-1.584756
0.169328
-1.379933
2.205136
1.950672
-1.347135
-0.672251
-1.021832
2.726310
-0.109001
-0.782272
-0.139971
-1.355685
-0.077339
-1.254971
3.683270
1.566273
-1.536545
-3.138494
0.001923
0.129883
-0.944942
-1.249859
-4.001762
-4.358093
-4.889582
-2.481906
-1.080639
-1.570757
-2.762806
-5.431557
-7.552591
-5.489067
-2.963525
-0.320626
-1.804908
-0.227871
-2.022469
-1.600927
-1.486698
-0.685350
-0.789668
-0.317889
-0.686675
-0.720228
-1.378850
-1.299544
-0.617259
-0.846452
-0.361003
-1.835117
-3.385503
0.877932
-0.329742
-2.772080
-1.048302
-1.455846
0.110166
-3.566055
5.672081
2.183746
-4.202073
-2.189530
-1.787812
3.056058
-2.216357
-1.425684
-2.203250
1.901665
0.729454
-1.325212
-3.193422
0.016230
-1.738034
-0.125105
0.204300
-2.490226
-0.262276
-1.112091
3.595570
1.992016
1.157584
-1.648105
-2.122082
-0.251414
-1.355308
-2.424020
-2.042640
-1.744373
-1.860123
-0.166285
0.573562
-0.882762
-0.513561
0.022313
0.107831
-0.524420
-0.202430
-0.781922
-0.932281
-0.395760
-0.065892
-0.467312
-0.385844
-1.294705
-0.222913
1.569394
0.490469
4.960061
1.613318
-0.918257
0.230646
-0.494240
2.784215
3.435831
1.312622
0.049654
2.599398
0.935220
-0.041594
0.045287
2.327092
-0.322309
1.470237
0.895051
0.650312
-0.248388
0.645098
5.516358
0.498458
3.466554
1.185842
0.127501
0.504405
0.897887
1.052954
-0.065556
0.893451
1.039403
1.243051
2.122737
-0.495941
-1.309267
-1.533761
-1.614007
-0.966457
1.025676
-1.252004
-2.945350
-3.678618
1.680738
1.085509
-3.415197
-1.650913
-2.068668
-2.902524
-2.496530
3.649965
2.578295
-3.228039
-3.216880
-1.963293
-3.736519
-3.024846
0.843095
-0.283002
-3.044485
-3.716885
-2.089826
-4.001987
-1.880269
1.618606
-0.015991
-3.292139
-3.342938
-1.943007
-3.062819
-2.398135
0.103570
-1.354706
-2.261334
-2.989042
1.767447
-2.029466
-2.491051
-3.006308
-1.465182
-1.431009
1.436476
-1.615143
-1.196205
-2.237653
-2.308713
-2.274329
-2.221608
-2.064765
-1.582973
-1.380535
-2.976241
0.904186
0.072381
-2.933952
-0.450069
-1.920438
-0.866060
-2.942377
1.700145
0.773284
-2.464069
-1.141061
-1.997000
-0.049913
0.998267
-2.088124
0.292377
4.436988
0.038105
-1.078688
0.409580
0.845500
2.795134
3.233312
1.314790
-0.948333
-1.154392
0.148640
2.641395
5.092511
3.540974
0.114292
-0.701603
-0.685678
-1.095262
-0.573915
-1.198035
-0.876031
-1.317294
-0.002222
0.273264
-0.331699
-0.378804
-0.328094
-0.203882
-0.173834
-0.409853
0.383196
-1.429321
-1.722407
-2.949975
-2.362633
-1.484982
-0.784906
0.396054
-2.947716
-2.424763
-3.074943
-1.699672
-1.053479
-1.038367
0.430161
-3.680679
-4.746754
-4.948968
-4.676527
-4.860874
-1.647563
0.161983
-1.342027
-2.207773
-4.073117
-2.451954
-1.138813
-0.964809
0.663839
-1.966499
-4.031413
-3.617636
-3.951000
-2.095679
-1.360036
0.189878
-1.532001
-2.077783
-1.863436
-2.853039
-2.507506
-0.928202
0.453679
0.166360
0.355532
0.515061
0.453793
0.221530
1.385868
0.003527
1.072825
1.508782
-0.215781
0.133302
1.141694
0.941102
0.058503
-2.189003
-2.403527
1.590948
-0.304448
0.542647
1.725633
0.212137
-4.169924
-7.462054
-0.371480
-2.330235
-8.008773
-2.831653
0.291302
-0.156409
-2.953873
-1.828024
-5.504320
-1.806726
1.160751
-0.517560
-1.845239
-6.671748
1.754532
-5.237621
-4.893046
0.913434
1.529936
1.237674
-0.895249
0.527437
-1.749750
-0.903815
2.899959
1.164559
1.201989
0.732223
0.360741
0.246668
0.873932
0.621030
0.808020
-0.282914
-1.461415
-0.256758
-1.272293
-1.117070
0.615996
-0.095590
-2.651290
-2.670873
3.568345
0.447522
-2.480496
-1.231394
-0.111528
-0.478031
2.353176
2.763209
0.209887
-0.853942
0.224542
0.201261
-1.144133
0.866778
3.489655
-0.659182
-1.027873
-1.053407
0.258801
-2.212787
-1.315306
0.268684
-2.607287
-2.263270
-0.578276
-0.042934
-0.978060
-1.647536
-1.289540
-2.528176
-2.642303
-0.431742
0.478316
0.411638
0.712290
0.537116
0.419331
0.764925
0.426279
-1.124167
-0.610359
0.223747
1.688022
1.376368
-0.087204
-0.715069
-0.614101
0.624842
1.091329
0.825803
2.029278
1.387048
-0.310105
0.012295
-0.422324
-3.137286
-0.515636
1.896010
-3.371773
-1.402833
-0.336996
0.590391
-1.399159
-1.889536
-0.354751
-0.152857
-0.151078
-0.758025
-0.796399
-5.305780
3.700216
-3.016523
-1.638254
-0.287145
1.171803
0.306186
-0.303974
0.922886
0.435001
0.001785
1.722079
0.015275
0.861377
0.568764
0.654496
0.778615
0.511687
-0.399476
0.681520
0.541838
0.386366
-0.906713
-0.794308
0.500279
0.789634
0.475790
-1.006307
-0.973534
-4.256382
-3.250093
0.221693
0.830607
0.849293
-2.910032
-4.376581
-4.258993
-2.326600
-1.623969
-0.783076
0.735148
0.171742
0.736393
-1.880925
-0.211627
0.277726
1.098617
1.054771
-1.375349
-4.070369
-3.402245
-2.209818
-1.724941
1.009134
1.498881
0.519561
0.007445
0.446653
-1.374225
-0.468028
0.578233
1.276940
-0.397986
-0.052078
-0.229160
-0.042863
-0.282546
0.086570
-0.256773
-2.973613
-2.263166
-0.782568
-0.493905
-2.394452
-2.560768
-0.653659
0.858449
-0.607027
-0.516522
-0.382326
-2.545990
-2.195492
-0.466720
0.218225
1.500549
4.465490
3.894888
0.273947
-1.831098
0.115347
-3.542448
-0.869673
1.352668
2.498289
-3.302051
-2.905231
-0.549875
-1.909369
0.204092
-3.779655
1.347252
-0.409757
-2.898516
-0.138327
-2.484603
-2.481499
-3.560781
-0.904986
-1.199483
-3.334011
0.088396
0.816413
1.093806
0.738273
0.775032
1.008796
0.489937
-0.276659
0.504977
0.900844
-2.190262
-2.588954
0.971499
0.107486
-0.296545
-1.900607
-0.707398
0.614974
0.127681
0.353677
-0.075242
0.166049
-1.493331
1.701419
-1.010996
-1.214054
-1.045475
-2.149276
0.501134
1.688899
1.157464
2.819160
2.671899
2.176769
1.063582
-0.255322
-0.681789
-3.683345
4.060737
-1.541674
-1.310645
1.112950
-0.969748
-0.632935
-0.235236
1.843917
-0.513899
-0.494912
-0.456867
-6.112655
-2.255403
-1.631275
-1.787476
-1.437618
-1.731530
-3.727301
-2.371045
0.640208
0.249650
-2.668613
-2.803723
0.140680
-1.327665
-1.474451
-1.523963
0.228250
-0.619511
-0.083767
0.741085
-1.037957
-1.206009
-0.826205
1.464806
0.393023
0.376673
-1.976404
-2.682173
-0.379862
2.183397
0.880666
0.005066
-0.447475
-0.526120
-0.218933
-1.147940
0.789152
-0.048771
-0.298286
3.526680
1.659433
0.083979
-4.659550
-0.030924
0.201445
0.853703
1.088425
-0.608923
-3.758129
1.902916
0.861796
0.543432
0.895743
0.776886
0.620783
1.259340
0.586189
0.162448
-0.219090
-1.686384
-0.994056
-0.290821
0.674742
0.329734
-1.868389
-0.999693
1.325885
0.731699
0.111772
0.887567
0.538162
-1.673756
-0.480476
0.723507
1.603912
-1.243783
-0.166270
0.600616
1.197272
-0.730610
-1.085898
0.631259
0.571886
0.821661
0.891937
0.823095
-1.033590
2.882603
0.974478
0.624816
1.187301
1.621598
1.023858
-0.400522
1.110927
0.717266
0.479127
1.355177
4.082889
1.871045
1.193407
1.530130
1.524305
1.115801
1.797617
2.954133
0.090713
-0.730032
1.353940
1.908734
-0.874055
1.246542
2.045474
1.266594
0.481286
-5.091013
-4.265200
-0.772303
0.624777
1.764266
1.849240
1.612889
-5.640220
-4.269007
4.434100
1.252834
2.407986
1.581460
2.457697
0.238506
1.607759
3.296579
1.309625
2.620753
1.119361
4.074864
1.980493
3.142265
1.796920
0.579896
3.383749
0.807593
2.168023
0.472393
1.739300
1.130419
1.311530
-1.246155
-0.839587
-0.599995
-0.424020
-0.413691
-0.458583
0.295149
-1.514682
-0.393965
0.412733
2.905969
2.966340
0.397456
-0.547697
-0.607169
2.520100
-0.007686
4.605741
4.630872
-0.258171
-0.002859
-0.409896
3.421463
7.306949
5.700253
4.196721
1.795969
1.648822
-0.657283
-0.612468
1.510197
3.505162
2.184575
0.881583
0.394931
-0.473460
-0.547712
-4.103133
2.455314
-0.823617
-0.750558
0.530407
1.072489
0.550294
0.140319
-0.246713
0.821187
1.505636
2.040139
0.620655
-0.581812
-0.906374
-0.752092
-0.694513
-0.643621
0.930331
-0.061482
-0.057081
0.130933
2.563320
1.837348
-0.362675
-0.012590
-0.177732
0.563640
1.362087
1.770437
2.557302
1.344129
0.515734
0.052480
2.025952
4.632167
1.067643
2.741908
5.088808
3.125864
0.036617
1.512538
4.770351
3.807807
5.073806
3.594543
1.255109
-0.544359
0.527814
5.241733
3.216619
5.541692
1.820163
0.497727
0.510894
-0.564899
0.694171
-0.067061
-0.278109
-0.816441
0.929173
-2.594286
-2.419536
-2.752829
-3.591626
-3.410836
-2.601156
-2.431788
-1.403599
-2.039841
-1.909200
-1.034052
-1.228543
-1.881396
-2.435151
-1.045911
-0.224146
-0.657252
1.574119
0.850937
-2.045262
-1.997370
-1.124927
1.154339
4.826513
0.974354
1.729506
2.469098
-1.479970
-0.720828
-2.401160
-2.787647
-2.297159
-2.009039
-3.043158
-1.791526
-1.550271
-1.217754
-0.737669
-5.546752
-1.011457
-1.917671
-2.649483
-4.014019
-3.105091
-2.085768
-4.521206
-1.593949
-1.930629
-4.491363
0.524137
-2.009847
-2.274080
-2.922143
-2.711480
-1.960310
0.798823
-0.601181
-2.446217
-2.925600
0.630248
0.467220
-2.909937
-0.976558
-1.074619
0.418406
-0.376332
1.353416
1.112543
-2.420495
-0.820906
-1.642137
1.197056
2.778951
-0.630494
0.688468
2.945538
1.906717
-1.523492
-2.301018
-0.287553
-1.120533
0.824490
0.532259
-1.298205
-1.586172
-0.841351
2.961681
-0.738079
2.775022
1.133066
-1.647398
-0.127085
-1.562045
-0.353597
-2.363968
0.293582
-0.560625
0.210991
-3.130234
-2.484962
-2.030169
-2.168434
-1.992069
-2.264507
-3.461689
-2.415348
0.044018
0.184126
-0.527779
0.550859
0.257011
-2.381153
-1.359032
-0.393692
-1.431164
-2.980366
-4.206394
-0.662529
-1.652386
-1.171520
-2.360317
-2.824104
-4.236151
-4.469320
-0.631306
-3.288658
-1.363131
-1.956182
-2.568007
-1.665180
-3.561182
-3.836285
-2.254353
-1.796934
-0.954372
0.426006
1.999365
0.530445
-0.464327
-1.326363
-3.827143
-2.266453
-2.691051
-0.275578
-2.007610
-2.284882
-4.667730
7.589542
4.789465
5.000286
4.294738
4.540891
5.070646
4.933330
4.768374
2.490247
0.817340
-0.403224
-0.005927
1.212627
2.458309
4.520301
1.334906
-1.348431
-0.635754
-1.258016
-0.629616
2.616059
4.353551
0.176806
-0.847792
-1.372087
-1.725980
-0.044029
1.294485
4.288054
-0.456986
-3.339200
-2.005857
-2.830912
-2.893701
1.030917
4.021408
0.981518
-0.761897
-1.778503
-0.919823
-1.063509
2.142008
3.953173
2.207057
0.158010
1.690917
0.376793
0.733091
1.011547
1.098803
0.412485
0.396673
0.195886
0.269302
0.468716
0.924633
0.008380
-1.124557
-1.595513
0.591785
0.519826
-1.264991
-0.565462
-0.415070
-0.284778
-1.958163
0.137327
-0.487346
-2.589092
-1.082389
-0.918252
-0.073021
-2.052224
-2.988883
-1.890308
-2.436857
-0.838183
-0.770031
-1.266498
0.427784
0.770940
-0.652953
-0.424068
-0.834503
-0.627084
0.027945
4.722699
5.687105
-0.149783
0.136768
-0.781350
2.062799
0.169363
0.555083
0.269411
0.309888
0.333175
1.022150
1.722587
0.728730
0.078087
-0.487950
-0.319340
0.072323
0.278078
2.267060
-0.815970
-1.081553
-3.181396
-3.297880
-0.697552
0.958259
0.777129
-4.137422
-1.144675
-0.022654
0.584159
-1.272324
-0.427661
0.290489
-2.566784
-0.899888
2.239463
0.452662
-3.576745
-3.165178
1.188603
-1.214497
1.278961
1.983427
2.138678
-0.028446
-2.090729
1.687908
-2.579734
-0.251644
-3.869847
-1.171507
-1.038697
0.301251
2.012492
-1.941375
-4.538880
-1.325688
-4.021001
-2.850997
0.997849
-1.628298
-1.104318
-0.402177
0.802091
0.678206
-0.716388
-2.428908
-0.388096
1.401560
2.689780
-0.918244
-0.008286
2.290127
0.705341
0.868614
0.911568
1.836246
-5.646460
-4.137255
3.047014
1.991158
1.447415
-0.649538
-1.490890
-3.859382
-1.679224
0.437057
1.104880
0.730194
1.669011
2.504102
-4.496402
-0.245260
1.222180
1.258741
0.632270
0.803874
3.666214
0.132584
3.441338
1.225357
1.119496
0.568382
0.580286
1.466719
1.708827
0.705520
-0.211114
0.279127
1.929404
1.557112
1.086110
0.890197
0.862266
1.194586
2.339551
1.426372
1.698065
1.284351
0.530248
0.539562
1.488519
2.264524
0.956882
-0.337537
0.756588
5.801626
5.875760
1.519567
0.753678
0.500587
-1.336729
0.975899
7.701282
3.688419
-3.899487
-2.243171
1.005369
1.069374
0.277972
3.403129
0.633178
-1.370701
0.477297
1.343146
1.299087
-2.476352
-0.312164
0.373680
1.281108
1.254144
3.254021
1.909012
0.438888
1.696775
1.760500
1.687316
4.600045
-1.627712
1.165361
1.353335
0.929893
1.029808
1.293763
-0.467901
0.076778
0.636574
0.371698
-1.394169
-1.325552
0.419641
0.628378
0.027012
-2.392794
1.668242
-2.835430
-2.482084
1.754877
-0.032656
0.327246
-2.427612
-2.812689
0.640678
-0.739019
-2.000114
-2.411720
1.362556
1.420937
0.997364
3.038367
2.491428
1.601570
0.476721
0.926306
-1.116941
-4.206554
2.623158
-3.670439
-3.331682
0.981056
0.210098
-0.153215
-0.848450
1.297678
-0.705280
-1.273167
-0.209938
1.381952
1.497292
1.701458
2.156938
1.910746
1.496605
0.984622
-0.702431
-1.802890
0.024433
-2.297409
-1.438404
-0.518164
-1.440648
-0.392693
0.700292
2.751488
1.412636
0.390611
1.970660
-0.646250
-0.729477
-2.395422
-6.580105
1.144762
-0.469388
-4.766953
-0.807324
-1.503317
-0.327744
-3.101789
-3.681592
-2.605023
-2.082401
-1.264304
-0.454900
-0.825329
-4.780815
-3.090098
-6.486792
-2.069993
-1.137113
-0.078735
-1.030680
-0.866143
-0.929492
-1.552227
-1.380846
-0.137486
4.742408
2.117163
1.788022
1.221807
1.465398
1.888178
3.078961
2.424143
0.103278
-0.615086
-4.158570
-3.769475
-0.591728
0.565446
2.189499
-1.331583
-0.996215
-4.216624
-3.113012
-0.550004
-0.071410
2.184758
-1.483557
-1.582953
-2.295501
-2.989137
-2.060812
-1.772152
2.628548
-0.973477
-3.090899
-5.201764
-3.702649
-1.185202
-0.001396
1.746034
-2.404277
-4.598250
-3.616162
-4.703271
-3.071714
-0.352475
3.117954
-0.824475
-0.570283
-0.515043
-1.365862
-2.011813
0.594832
0.650754
-0.125596
0.213509
0.168550
0.233538
0.118160
-0.198772
1.360690
-0.260219
0.324440
1.716373
0.989701
0.180056
0.188286
1.364997
-1.450112
-1.196935
-0.345389
-1.070927
-0.945144
0.051455
1.128644
-2.345027
-1.485337
0.047083
1.497076
-0.700365
-0.782701
0.985541
-1.534673
1.501301
2.751486
1.671551
-0.822557
-0.202006
0.908532
-2.246724
0.514571
-0.804077
-0.918591
-2.408539
-0.159600
-0.260145
-1.702391
-0.909301
-1.078848
-1.974048
-1.903239
-1.844841
-1.434291
-1.726896
-0.670553
-0.175648
-0.270248
-0.569318
-0.554759
-1.815681
-3.294533
-2.183860
-1.921064
-1.895861
-2.255790
-2.961480
-0.327266
-3.063480
-3.791740
-3.049525
-2.531370
-3.405754
-1.543347
0.155624
-4.219389
-2.961550
-0.419985
-2.310704
-3.935179
-3.032225
0.346729
-2.866508
-4.082912
-0.516998
-3.180958
-5.184608
-1.667617
-0.574706
-4.347061
-8.349894
-2.041078
-6.964706
-4.336325
-1.244755
-2.515205
-3.030344
-3.564648
-2.293622
-3.716593
-2.718811
-3.075916
3.366575
1.731514
1.707981
1.429850
1.619137
1.690671
1.825769
2.211013
0.834423
0.369785
1.981951
1.672236
0.389179
0.338804
1.896612
0.445749
0.306050
-0.820924
-1.029345
0.094710
0.407072
1.862755
-0.489265
0.627524
1.058948
1.028113
2.114037
0.805038
2.082676
0.286200
0.751317
2.264739
1.130222
0.604073
0.461094
2.121706
-0.143622
2.373107
1.560309
-1.290328
0.077371
0.433332
2.366824
0.157751
0.670485
0.431813
0.101639
0.525319
0.781631
0.324017
-0.288380
-0.856379
-0.402409
-0.348927
-0.695036
0.401520
1.296633
1.680143
0.670799
-0.141964
0.718344
0.285568
1.804735
1.896898
3.600149
3.205503
0.706606
3.712633
2.595810
2.900909
1.888432
2.504255
-0.594246
3.320099
3.107630
-0.802559
3.789097
2.219751
3.661467
-1.225197
-1.367495
-0.774691
0.934111
2.336151
1.716795
4.007046
-4.660597
0.127096
-3.217104
2.709284
2.615133
1.438543
2.629560
2.358845
2.470121
3.235149
2.487226
1.569017
4.608921
0.876493
0.380172
0.371626
0.113663
0.738696
2.647937
1.531946
-1.182329
-1.417033
-0.167526
-0.544485
-1.251278
0.583118
1.052132
-0.447922
-1.358302
-6.747963
-2.513902
-0.856879
-0.152497
1.189619
1.577995
-0.759707
-5.957285
-4.654061
1.465959
2.757090
0.967640
-0.873305
-1.660093
-3.137101
-0.977261
-1.631889
-0.115976
1.606462
0.715151
0.669050
-1.829621
0.399976
0.753727
0.149962
4.041759
0.348221
0.544985
-1.195742
0.114369
0.445261
3.448745
-0.564119
-0.692841
-0.069304
-0.302518
-0.056365
-0.241427
-2.257098
-0.981464
-0.741039
-0.688731
3.017011
2.302257
-1.178343
-2.229303
-1.125858
-0.001182
2.046101
2.969248
3.033798
-0.365689
-1.857909
-0.989895
-0.092230
2.709702
0.514599
0.920535
2.609021
-1.016817
-1.011739
-3.388277
-1.688767
-5.400883
-0.917716
-1.838690
-3.054417
-0.871854
-2.673883
-1.058552
-2.103421
-1.599592
-4.402299
-3.161400
-3.423192
-1.736137
-1.937482
-2.060709
-2.492167
-2.409165
-5.325853
1.075637
0.000515
-0.368441
-1.119556
-1.224768
-0.192558
-0.139463
0.514682
-1.745026
-1.263627
-5.613868
-5.016553
-0.856151
-1.322083
-0.080552
-4.243182
-3.137827
-2.970282
-1.836227
-2.671842
-3.205594
-0.452303
-5.900238
-3.551706
0.230954
0.702753
-8.564239
-6.329039
-0.975714
-4.637393
-5.712932
-4.020044
-3.817471
-5.874665
-4.086100
0.468978
-3.979558
-10.609669
-6.555780
-7.334475
-5.647415
-2.558781
-0.724325
-3.515272
-5.049303
-3.621706
-4.294019
-3.265256
-2.182712
-2.035164
-2.184485
-1.623662
-1.692344
-1.827073
-1.921483
-1.449481
-1.753800
-1.706534
-0.365026
-2.799851
-2.664690
-0.912251
-1.459779
-0.822638
-2.180265
-2.257255
-2.257149
-4.000650
-0.847600
-1.104414
-0.398226
-3.326897
-2.369633
-1.778661
-2.083294
-5.297455
-3.326156
-1.259710
-1.747590
-2.022968
-2.658282
-2.117717
-2.337121
-0.837939
-2.091817
-3.188922
-6.096204
-3.102400
-2.721803
-4.939347
-1.410717
-2.321929
-2.983194
-3.284447
-1.627483
-3.838458
-3.738993
-2.197902
2.878788
4.206668
3.692861
2.983545
2.762739
3.848152
3.453809
3.985374
3.351043
1.665639
1.497895
1.545441
2.496887
4.733898
3.266073
1.188591
0.229994
2.518762
1.971443
1.236780
2.904223
3.015103
1.257368
2.183714
4.533707
3.747530
1.535177
2.853326
2.917409
0.333272
0.039483
2.614905
1.292857
0.576189
2.015961
3.961050
0.642724
0.111966
0.868090
-4.296859
-1.715849
2.864896
2.957243
3.053070
1.520691
1.428868
0.632549
2.046674
3.533416
0.544352
0.161282
-0.335018
0.006408
-0.107343
-0.397039
-0.613667
1.118035
0.394774
0.121258
-1.854175
-1.105736
0.095151
-0.262211
1.372440
0.657102
0.206119
-3.032583
-2.141027
1.220264
2.031097
1.453537
-1.389214
3.570916
5.602713
4.570360
-2.962066
1.308315
0.967229
1.534655
-0.136131
4.141894
0.737071
-1.522324
1.749052
1.240021
0.602354
-4.573479
2.624413
-2.853040
-1.922570
1.436944
-0.108350
1.587243
1.027007
1.457734
0.593711
0.981503
-0.145061
2.607250
3.286293
2.750387
2.278762
2.427757
2.957604
3.138466
2.043862
3.154899
1.756205
2.362651
2.434859
1.843683
2.083272
1.305923
3.230220
0.963187
5.674180
4.358636
1.039316
0.573466
1.355683
4.884879
4.193477
4.590970
3.598212
4.103106
1.792179
1.622096
2.353550
0.915920
2.305693
1.768281
2.961768
1.410244
1.643651
2.322848
2.740705
5.261138
2.163400
3.040484
1.477508
1.459848
1.702912
3.168511
2.717187
2.505445
1.789016
0.006724
3.652349
0.677279
0.769329
1.513872
1.401628
0.853174
1.536875
0.485468
-1.933655
-1.505127
-4.244898
-2.719648
-1.732520
-1.003827
0.621658
-1.060082
1.421350
0.512182
1.999268
0.154041
-0.438848
0.509684
-2.492332
1.922829
7.612007
7.841637
0.502266
-1.145814
0.056938
0.053682
2.530729
4.554703
2.376150
-0.614046
-1.239324
1.156752
-0.722421
-0.100726
0.894772
0.652239
0.655645
-0.634995
4.437386
0.162180
-1.124380
-1.463378
-0.924288
0.663652
3.815212
-2.511505
-2.241522
-1.158681
-0.375713
-0.300528
-1.372922
-2.761387
-2.408334
-1.178040
0.262406
-1.625854
-1.269480
0.109481
-1.859594
-0.866937
-0.312310
-0.586941
1.793334
1.591528
0.214958
0.333478
-0.659529
0.491698
0.097873
-0.898623
0.248192
2.798228
1.504568
-0.348542
-0.121224
3.173845
2.344910
4.813777
2.934116
0.578081
-1.123174
-1.113254
5.398319
3.498096
7.123590
1.397899
-0.436206
-2.527813
-1.191125
-1.170182
-0.276683
-0.796789
-0.936189
-1.956031
-1.045485
-0.806527
-1.376643
-1.274889
-1.110269
-1.315202
-1.584958
-0.628690
0.764287
0.670264
1.556297
1.230826
-0.034739
-0.325811
-0.912318
1.335437
2.807710
0.370950
1.424628
3.498136
0.533384
-0.929776
0.471044
-4.946836
-5.189672
-5.315369
-1.054472
1.151083
-0.232974
2.998703
-0.371587
-4.570080
-0.381802
2.686435
0.404892
-1.058578
3.244358
6.617380
-2.077196
2.347049
3.828517
0.074777
-1.268903
0.700627
2.586771
0.497057
1.138508
0.688788
-0.766809
1.564466
2.075209
1.579510
1.205843
1.240873
1.819471
3.114063
2.106089
2.181278
1.516825
-1.194229
-1.091158
1.846949
3.274565
1.465183
0.329958
1.931505
-4.188958
-3.059315
1.521372
2.653284
1.065523
0.629204
-0.269196
-2.232871
-0.930838
0.406899
1.953671
0.545819
1.707211
-0.901576
-1.096836
0.220892
2.562716
2.667225
1.109772
1.090237
-2.118623
-1.814264
-3.812061
-0.535091
2.485428
4.034544
2.794909
1.321905
2.255535
1.599274
1.498199
5.379379
1.417433
0.395448
0.411060
1.077449
0.856990
0.330040
0.885167
0.776631
0.021241
0.291595
0.533731
1.047776
-0.011432
0.023422
0.908591
2.589022
1.734239
1.215376
1.538841
1.609396
0.533774
1.454462
1.170122
-1.290444
-1.751776
0.461936
0.566206
2.080602
1.530467
1.526692
0.059835
-3.978072
0.142929
1.639928
0.596437
1.548749
2.759930
3.253430
1.275945
-0.574775
2.253458
0.757051
2.272635
0.888487
1.236015
0.479882
1.621866
1.218307
1.181955
-3.623716
-3.668392
-1.980511
-0.972918
-0.895681
-2.433053
-4.989766
-2.104295
-3.457678
-0.495589
-0.240870
-0.502433
-0.980201
-4.872053
-1.498147
-0.476463
0.197295
2.974735
2.829226
-1.240778
-3.750674
-1.162020
-0.984515
1.314875
6.220650
4.607630
-2.127097
-3.072477
-1.275563
-2.541664
-2.197635
1.570739
0.103363
-4.030866
-2.697628
-1.285397
-2.424306
-2.658463
-0.295752
-0.072670
-2.338073
-2.862616
-4.059651
-2.646686
-2.175913
-0.907226
-1.745988
-1.812853
-5.048927
-0.013548
2.430125
2.821509
3.125631
3.074536
2.630915
1.011181
0.953448
0.104060
-0.115135
1.842496
1.312411
-0.101273
0.614080
1.442517
-0.368324
-0.859696
-2.498189
-1.914114
0.309247
1.082039
1.161650
-1.042862
-2.632724
1.361773
2.594370
-3.896941
-0.093354
1.370872
-0.398432
1.898014
2.054149
4.433102
0.885088
0.671068
2.130303
1.868730
0.771234
1.005280
0.359488
0.866739
0.741402
0.173818
1.709391
1.593563
1.250134
2.997643
3.023321
-0.605089
-1.455733
-3.238763
-2.864885
-3.016759
-3.142557
-2.943489
-2.861851
-2.232459
-3.321430
-2.732079
-0.821016
-0.973523
-2.513345
-3.335102
-1.846282
-0.716713
-2.060775
0.889713
-0.135850
-2.502747
-2.942549
-1.814072
0.489573
-1.297092
-0.835317
-1.094399
-0.353049
0.605317
-3.158205
-2.624391
-2.331186
-2.945313
-3.116974
-1.931704
-2.642205
-2.561657
-1.757576
-0.267118
-1.770714
-2.696155
-1.984104
-2.981741
-2.061498
-3.352527
-2.901394
-2.496705
-1.916565
-1.888411
-2.247413
-2.872712
-0.544983
-0.159190
-0.475269
-0.217108
-0.150768
-0.508348
-1.483570
-0.160714
-0.380938
0.807821
0.905779
-0.230314
-0.087869
-0.529485
0.924915
0.825514
-3.750929
-0.918317
0.492133
0.748419
-0.598656
0.225090
0.945656
1.565334
3.052983
1.263449
0.415372
0.356029
0.498994
1.154758
4.052342
1.769812
-1.140164
0.416724
-1.000700
0.467438
1.233737
1.063678
2.202175
2.019894
0.385060
-2.071743
0.375743
0.993082
0.055143
1.571213
1.500801
-0.576314
0.825400
-0.223156
-0.929026
-1.618766
-1.661611
-0.849828
-0.912460
0.880189
0.126100
-0.618905
0.566054
-0.147233
-0.227639
0.026986
0.613027
-1.044115
-0.301239
3.333452
3.763485
0.420095
-0.127059
1.056492
-0.671570
-2.968070
-1.073134
-0.842180
-4.076736
-1.604039
1.264712
0.620175
-1.521621
0.363293
-1.848526
-1.547649
-0.219211
1.138787
0.974989
-1.084673
0.621880
-4.311877
-0.255630
0.418828
1.966465
-0.033608
-0.577224
-1.189282
-1.012984
-0.199071
0.668030
-2.299333
-0.488326
-0.310716
-0.742490
-0.301547
-0.297003
-1.013773
-0.925663
0.672801
0.631873
2.111434
1.681223
0.228394
-0.405793
-0.548508
2.048914
2.910418
11.561482
8.176711
0.861176
1.035197
-0.523374
4.094637
7.567581
6.366609
6.498455
5.789473
3.086095
0.010587
2.222712
3.751968
2.130546
2.378904
2.371665
0.896522
-0.869183
1.653467
4.093153
3.119685
4.257357
2.829269
0.866765
-2.695374
0.845048
1.577480
0.042063
1.579561
0.605254
-2.147742
-0.258379
-1.246872
-0.622537
0.067559
-0.019102
-0.693900
-1.063617
-0.924925
-0.150324
1.409078
4.392931
4.075113
1.109239
-1.382803
0.070512
2.494446
2.493531
4.855009
4.082225
0.700613
-0.957389
0.361487
3.212383
3.700888
-0.700823
-0.121770
4.798086
1.715010
0.296169
0.661938
-0.299580
-4.891565
-1.613992
0.484981
0.267988
-0.872198
0.562606
-1.653263
-1.333927
-1.343201
0.054810
-0.582614
-2.227295
-1.298414
0.589022
0.710419
-0.228902
-1.161205
-2.887333
-3.868683
-2.282646
-1.701273
-2.078360
-1.906052
-1.730988
-3.345757
-3.087507
-1.773371
-1.031599
-0.384817
-0.825911
-1.022545
-2.850927
-2.014893
-1.061736
-0.055349
-3.169781
-1.713396
-0.389009
-2.531894
-1.791214
-1.406996
-2.106179
-2.394770
-2.783958
-1.767263
-0.993196
-2.167391
-1.016972
0.582886
0.675077
1.964604
-1.452976
-2.076950
-2.592489
-0.179982
-0.857700
-5.444645
-0.431158
-0.819454
-2.590801
-4.869294
-3.071854
-1.845602
-3.309500
-2.399722
-2.529274
-4.888841
1.606359
-0.866162
-1.221878
-1.006229
-1.180735
-1.372095
-0.574636
-1.069983
-1.230675
-1.177569
4.130056
3.346148
-1.604904
-1.442130
-1.578890
1.969338
3.367101
5.960383
4.933209
0.118660
-1.125696
-1.415882
3.990010
7.957560
7.116301
8.068596
4.439667
1.661406
-1.449705
1.195016
8.426944
9.077344
7.982936
3.954368
-0.350294
-1.482956
1.269187
5.999164
7.556424
9.862508
3.816411
-1.318276
-0.043603
-0.489913
1.488566
0.143020
2.994918
1.175654
-0.451475
0.471129
-0.811517
-0.273428
-0.005968
0.223027
-0.367908
-0.419451
-0.277008
-0.325285
-0.178091
-3.808760
-2.346601
-0.160600
-0.712900
0.643010
0.629849
1.106644
-5.551178
-2.929845
-0.011988
0.328237
0.872307
-0.302830
0.085455
-0.093366
0.964981
-1.747683
0.829870
0.775744
-0.464518
-2.690894
-3.258435
0.358424
-0.538162
0.171099
0.014372
-2.537774
-11.403967
-5.269022
-4.004580
-1.755274
-0.056742
1.014035
0.307547
-2.020326
-0.415312
-1.459418
-0.763263
-0.089686
2.150079
1.104307
1.011683
0.441098
0.204525
1.071147
1.957158
0.456530
-0.727041
-0.098587
0.567647
-0.285873
-0.390963
-0.108458
0.438422
-0.860166
1.429699
-4.440057
-4.204359
1.356626
-0.921223
0.730906
-1.889943
-0.925472
-3.918358
-0.281826
0.862345
-1.729110
-0.015928
0.996507
1.141631
-0.469158
0.484289
2.305742
-0.802819
0.396483
1.317441
2.179213
0.985842
1.845608
0.826082
-0.683305
1.400662
-0.916226
-0.104694
-0.250315
0.231828
-1.023505
-0.478099
-0.045787
1.337554
1.598336
1.158368
1.141805
1.477720
0.226965
0.996780
1.569948
2.558128
-0.969410
-0.723238
2.141255
0.178199
1.087180
0.238196
0.828531
-0.677177
-0.940564
3.105909
1.673000
1.530450
-0.223950
-7.131617
-2.587877
-2.304740
-4.119870
-0.266844
1.916349
2.956427
-0.229673
-0.509021
-2.158069
0.800234
1.714996
1.333623
2.598823
2.334191
2.510082
1.531020
3.079247
1.262996
-1.107952
0.195239
0.804280
0.750232
1.300751
0.448257
-2.291708
-0.422303
0.159359
-0.232906
0.384121
0.322595
0.164258
0.534337
-0.017659
1.435823
0.243181
3.129781
3.268355
0.768293
1.858370
0.033899
2.824733
-1.208295
0.002991
0.778373
0.336380
0.962463
0.327467
0.824919
-8.545033
-3.773123
-5.131788
-0.603482
1.992583
0.180165
-0.494345
-4.084202
-3.342011
-3.932876
-2.422193
1.226094
0.227650
2.281772
0.925545
-1.086483
-2.613533
0.526135
1.216729
0.796081
2.649601
2.472597
1.289385
2.946487
3.511216
2.263079
-2.718596
-0.859916
0.165552
0.351659
0.465304
-0.083707
-2.296057
-0.518060
-0.719024
0.731601
-0.425538
-0.134050
0.240728
-1.623541
0.867537
0.796844
3.932516
6.849148
7.148434
1.246305
-0.568922
1.311541
1.955676
8.696469
9.231084
9.547852
4.569488
0.074664
1.017130
-0.631408
1.193485
2.003961
3.452563
1.835535
0.108991
0.257830
-1.282819
1.476645
-2.398723
0.987282
1.411329
-1.194720
-1.520987
-2.792176
-2.000734
-1.333309
-0.111613
-0.402205
-3.073776
5.392239
0.545093
-0.440954
-0.234878
-0.559973
-0.241638
2.037729
1.511448
-1.107182
-1.688813
0.846361
0.820014
-1.565973
-0.161144
0.602631
-0.202186
-1.494033
-0.275223
0.402870
-2.052541
-0.653436
0.794641
-1.021097
-0.148006
0.107824
-0.204521
0.392959
-0.211975
-0.324680
-2.538204
-4.690528
-3.258298
-4.644983
-2.722330
-1.231039
0.690504
-2.457304
-4.379630
-3.915114
-4.771276
-2.824520
-0.606001
2.624949
-0.093059
-1.660219
-1.283183
-1.508753
0.110843
1.580577
-0.656230
0.948670
0.904660
0.981297
0.854208
0.925379
0.609447
0.316226
0.569656
0.439807
2.200440
2.215330
0.839687
0.747023
-0.295062
2.472755
0.453322
3.153422
3.995077
0.316759
0.842850
-0.178780
4.109255
5.123563
2.637273
2.236776
3.500596
2.349115
-0.126345
-0.049107
-0.069160
0.765647
0.987494
1.389957
0.664191
0.144738
1.754960
0.900134
2.096617
0.649195
2.413716
0.919502
-0.887878
0.324352
0.875102
1.031924
2.042056
1.027293
-0.347102
2.861731
0.933997
1.013134
0.925547
0.937726
1.099951
0.395560
0.831161
-0.913612
-1.204225
-2.512922
-3.179275
-0.915322
-0.681093
0.685065
-4.136725
-2.372300
-0.790456
-2.457283
-1.477663
-0.771282
1.141593
-3.574117
-0.038663
-2.948678
-2.986171
-3.052527
-3.518359
0.685832
-1.709302
-3.693833
-1.921380
-3.025296
-1.681762
-1.161672
0.607677
-2.978412
-5.538610
-0.756972
-5.288655
-6.534880
-0.739198
0.914170
-1.102489
-3.143601
-2.597901
-4.045266
-3.673082
-0.963970
-5.664079
-2.142332
-1.805613
-1.916024
-1.951361
-1.960511
-3.877781
-1.845011
1.075368
2.545061
0.973382
1.376716
2.380724
-0.084152
-1.542748
0.189188
3.029935
0.392135
0.343236
3.333802
0.004759
-0.945304
-0.442736
-2.866045
0.465159
-0.541967
-1.913888
-1.252522
-1.231277
1.150489
0.006041
0.790974
-0.576245
0.457385
0.242522
-0.884919
1.234755
-0.386147
3.500294
-2.879750
0.895672
0.338179
-4.245167
-0.108867
0.161011
1.721562
0.540856
0.115654
-3.398145
-0.680967
-2.348358
-1.655895
-1.999486
-1.687669
-1.843860
-2.505423
-1.891319
-1.525051
-0.098124
0.946944
1.478416
-0.331344
-3.058423
-0.273844
3.486077
1.153782
1.050118
2.531435
-0.000105
-0.897162
-0.221820
2.680929
-4.416111
-0.299152
1.292813
3.628395
2.214602
0.482441
-0.962391
-0.548617
0.351044
1.898092
-0.834527
-0.686512
-1.020223
1.207898
5.781502
-0.450699
7.266254
3.456754
-1.476945
-1.803867
-1.066130
-0.261936
-1.940289
0.828401
0.657113
-2.901435
1.102620
0.619108
0.643798
1.213670
0.782172
0.705086
1.385735
-0.627271
0.660162
0.489956
-1.675827
-1.695560
0.323382
0.516120
-0.764558
0.150349
0.736585
0.410593
1.610603
0.393575
0.446590
-0.644102
-1.525024
-3.910625
0.213167
1.191583
-3.798318
0.192299
-1.630573
0.374892
-1.090301
-3.383938
-0.801295
-1.623970
0.151976
-0.728228
1.653646
2.170395
1.630705
0.969777
0.304532
0.817918
2.386445
2.584149
1.629735
1.744056
1.779913
2.769861
4.040330
2.325794
1.128172
0.785153
1.109558
0.934066
0.718740
1.373834
1.765027
0.657324
0.039720
0.676572
0.670711
-0.298479
1.529001
1.819982
-0.628773
-0.424090
-2.621150
-2.205801
0.202102
1.557663
1.842009
-3.434256
-5.233073
-0.625117
-2.126205
-3.923102
-0.327753
2.013416
1.143711
-2.900541
0.417514
-2.816953
-2.431779
1.131476
1.896936
1.128112
3.070974
-0.847259
0.201371
-0.333433
1.728568
2.960030
2.856708
2.875110
1.374054
1.055406
1.391330
3.063052
-0.851036
-1.029605
-1.823565
-1.425716
-1.644919
-1.646353
-0.725721
0.386509
0.975600
0.224252
2.579373
3.151798
-0.044198
1.050781
0.499881
3.734184
2.013243
3.431457
4.239952
2.374161
2.215049
0.349380
3.311306
1.292795
-1.599433
-2.323997
-0.128568
2.234192
0.283184
2.031432
5.238162
0.482388
2.636791
0.536059
0.757536
0.207783
3.594048
5.991980
-1.657709
3.056881
2.264279
0.717366
1.078760
0.676899
0.114916
-1.951196
-1.423198
-0.445120
1.524328
-0.095172
0.553057
0.613834
0.214420
0.215492
0.602791
0.579392
0.608321
0.944866
-0.045915
-1.320888
-2.565395
0.152762
1.041453
0.534221
-2.353622
-0.249488
0.103865
-1.354248
-0.640172
-0.079694
0.629320
-1.109517
1.660020
0.255431
0.780225
-0.998966
-0.744275
0.475170
0.930742
4.288643
3.672200
2.021007
1.388032
0.645345
0.712339
0.216499
0.481773
2.778324
2.416388
0.111732
0.657216
1.003192
0.544175
0.661351
1.177722
0.445469
0.388957
1.751473
1.845727
1.212651
0.838890
1.444967
1.295501
0.953237
1.449496
0.690606
0.847938
0.322989
-0.059012
-0.105110
0.327113
0.973976
0.890172
0.048411
1.026857
0.155565
0.736539
2.026063
1.482004
1.285188
1.412953
1.086185
0.231898
0.749224
1.649357
2.764178
1.155979
2.183319
2.281511
0.980688
0.350976
3.489022
1.987971
1.246442
1.891792
1.771161
3.723650
2.105372
2.679080
1.370342
2.771249
2.239548
1.864205
2.078329
2.688688
2.121237
2.726420
3.253992
1.677696
1.692181
0.775905
0.940772
1.689214
2.256546
2.239632
-1.127861
-0.759295
-2.095745
-2.428261
-1.094532
0.201695
1.461663
-2.040708
-0.172108
-3.350391
-3.018451
-1.173834
-0.276898
1.111831
-2.024511
-0.619755
-2.317644
-2.683981
-1.744054
-3.420033
1.743354
-1.293859
-3.116225
-2.568879
-4.436723
-1.401336
-0.572465
1.317836
-2.669399
-3.873942
-3.403907
-4.395437
-2.871743
-0.309764
1.350746
-1.328248
-0.625739
-0.808622
-2.088058
-2.219413
-0.297624
-1.951774
0.016771
0.271373
0.709329
0.456123
0.172407
-0.939430
1.167939
1.703683
2.505297
1.757830
2.502753
2.014766
1.274104
1.545531
2.599610
0.513431
-2.030379
-1.500335
1.969704
2.171328
1.733984
0.787612
-2.077703
0.159809
-0.419308
1.816813
2.867273
0.726526
2.004367
-3.394261
0.996902
-0.127043
1.012650
2.555483
0.432490
0.458692
-6.059822
-1.536608
-4.794112
-0.510636
1.366379
-2.533414
1.159589
0.451466
1.387738
-0.115435
0.494903
-1.439683
3.035314
0.151713
0.537568
0.438583
0.587999
0.538674
1.104393
0.850822
-1.840195
-2.258759
-2.541837
-2.092583
-1.969865
-0.622581
0.779943
-2.015409
-2.251427
0.031339
-0.739131
-2.386642
-0.552108
0.323001
-0.290196
-1.837881
-5.992263
-3.481802
3.964006
1.248711
-0.156002
-2.351169
1.179297
-1.586495
-1.101614
1.696319
0.322548
0.547398
-1.143646
4.322515
2.747347
5.081543
-0.500448
-0.454190
2.531600
-0.578651
-1.129848
-0.729171
-0.362575
-0.966905
1.964110
4.347887
3.716338
3.195695
3.352844
3.225715
3.247473
4.040607
4.257855
4.446753
3.493509
3.213820
3.761454
3.555415
4.528788
4.053740
4.414266
2.834902
0.277101
1.587127
4.245620
5.077639
3.847170
1.648603
-1.212732
-0.019754
1.102355
2.002267
5.043833
3.402095
3.398195
0.649565
1.140480
0.670121
2.105358
4.131989
3.623082
4.652320
0.573213
1.819429
0.210021
3.520452
3.854085
4.753951
5.725705
4.253750
3.589552
3.815942
4.622800
5.098886
-0.781928
-0.195202
0.211048
0.568788
0.498796
0.108219
-0.419840
0.593042
-0.074936
0.609776
-1.711303
-0.671586
0.109343
-1.134152
1.951097
-1.632408
-1.196023
-6.573444
-4.562293
2.800143
1.391748
2.111550
-3.802184
-5.672683
-0.132046
-0.390030
-6.312693
-0.751608
2.354683
2.251997
0.952831
6.228371
0.602717
0.650714
1.611373
1.526208
-0.197544
-4.901771
7.508290
-4.139971
-1.601370
0.256766
-1.355010
-0.511205
-1.215567
1.005859
-1.947440
-1.699131
-2.789703
-1.090171
-1.568239
-1.349890
-1.609350
-1.514509
-1.418018
-1.808899
-1.306083
-1.087689
-1.067306
1.713935
1.045947
-1.206113
-2.278645
-0.095632
1.522009
-1.210907
3.555538
2.953445
-1.490757
-0.447613
0.301106
3.146904
4.299658
1.728581
2.525728
6.169640
2.750023
0.343036
-1.022768
0.045637
0.512347
1.610788
1.759760
0.421332
-0.359155
-0.461890
4.715063
0.735679
1.890079
-0.667333
-0.930416
-1.879635
-0.710942
1.616746
-1.830404
0.533218
-0.050200
-2.758844
-0.750828
-0.062794
-0.030925
0.431729
0.425648
-0.200019
0.138455
-0.118093
1.992548
2.111772
2.534124
3.120311
2.032253
1.520391
0.207445
3.954219
2.842628
0.617869
0.659977
2.269176
1.484090
0.141920
2.028002
1.869576
-0.105876
-1.258981
2.038234
1.206808
0.370088
-0.738397
-0.159662
2.081035
-2.190433
-1.743139
-0.113620
-0.419641
-0.105078
3.027103
-0.633626
2.067816
0.728263
0.109900
0.593182
1.093624
-0.306584
0.316244
0.534511
0.891571
1.461471
0.610988
-0.634481
-0.720125
-0.274154
-0.532959
-0.937107
-0.482933
0.952214
-1.182087
-1.450802
1.961853
0.796329
-1.379156
0.348879
-0.444650
-0.021717
0.818368
3.163225
2.846807
-1.387227
0.235990
-0.591720
1.330782
2.449667
3.274336
5.016598
2.288332
0.144952
-1.301119
-1.947301
-2.247099
-0.780171
1.074733
1.058624
-0.539507
-0.151741
-4.346463
-6.870091
0.293697
-3.793335
-4.066299
-0.921927
1.180479
-0.493617
-2.129935
-0.649063
-2.318610
-1.053287
1.558896
2.094292
0.208741
0.081752
0.328983
0.424850
0.167833
0.718085
0.926271
0.073539
-0.662752
-2.028474
-1.691266
-0.360384
0.167675
0.848881
-2.083222
-2.208375
-4.700797
-3.843668
-0.896799
-0.260488
0.616683
-3.879231
-6.149641
-3.171950
-3.780138
-6.676718
-1.502804
0.229769
-0.823020
-1.686281
-3.725480
-3.458572
-2.652459
-0.860167
0.429620
-0.896621
-3.577388
-2.571504
-5.483537
-2.157227
-0.278185
1.821535
-0.021446
-0.462347
-0.495844
-0.622521
-0.068454
1.204978
-0.654181
1.885701
1.251042
0.948754
0.914510
1.315524
1.631623
2.340456
3.041787
1.819999
0.135829
0.021751
2.027426
3.896417
1.749353
0.588255
-0.852773
-2.773597
-2.149233
1.677353
3.680598
1.913231
-1.523954
-2.916069
-2.667007
-4.349163
-3.435061
1.730362
1.552806
2.301603
-2.409807
-3.143235
-2.946095
-1.084561
2.420875
1.714630
2.956300
-1.242404
-0.933354
-1.711854
-0.108476
3.157665
3.821262
4.983584
4.941320
1.679555
2.878287
3.264703
5.961045
1.581079
1.924191
1.697436
1.633151
1.721976
2.021350
2.120090
1.943311
2.779898
1.066829
2.143854
1.622202
1.715335
2.253142
2.596854
2.455409
-0.785972
3.453740
3.374972
0.106924
1.163512
2.537713
2.942933
-0.067775
-1.277988
-0.608493
2.446937
0.408605
2.570430
0.717288
-1.456686
-3.842702
-2.103187
-0.322873
-0.008943
1.449409
0.042387
1.096575
0.224319
-0.900346
-1.780267
1.000374
1.364400
-0.584479
-0.728938
-0.457746
-1.205420
-1.381244
0.652575
-0.526229
-1.585084
-1.618224
-1.790800
-1.568171
-1.617202
-2.205626
-2.259638
-1.810001
-0.648971
2.668757
2.339023
-1.334900
-2.937766
-1.459729
-1.620623
3.542898
7.981068
5.855422
1.651934
-2.539591
-1.130134
-0.161302
7.944148
8.179267
8.152595
2.996158
-1.178898
-0.671388
1.178601
7.524204
8.345260
7.553651
5.461623
-0.884018
-1.662063
-0.369368
5.797582
4.575124
5.117449
2.887256
-2.103606
-1.705725
-2.565774
0.406422
-0.945408
1.930824
0.460224
-2.770602
-1.936382
-1.498320
-1.744345
-2.170643
-2.144211
-1.703405
-2.053423
-1.041920
-2.016010
-0.998453
-1.331945
-0.808681
-1.521067
-2.029860
-0.418030
-1.778627
-0.294044
-4.293583
-4.452301
0.005247
-1.326834
-0.204697
-0.709679
-2.379480
-3.766285
-3.145115
4.412158
0.573210
-0.268164
1.091257
0.720165
-0.395372
-0.266174
4.630267
-0.216454
-0.543797
0.188368
-0.113331
3.637547
1.085960
1.402449
-0.671284
-2.265099
-2.060181
-0.059877
-1.285530
0.180798
-1.435083
-2.647745
-0.558870
0.178470
-0.387813
-0.790733
-0.644656
-0.206845
0.296807
0.836116
1.038649
0.145709
1.517484
1.148632
0.136349
1.595018
-0.191764
1.356727
0.561030
-2.177467
0.292945
0.073885
0.638981
-0.241994
0.455179
0.060450
-1.130086
1.177925
3.220372
1.502966
0.154230
-0.202494
-1.050685
0.047432
-0.860064
-0.206396
0.190462
0.177758
1.493246
1.813924
0.244267
-0.664912
2.102503
0.872706
0.037245
0.930415
0.431785
0.231125
1.334894
1.559016
0.164939
2.461429
3.817584
3.793159
3.188765
3.414581
3.754974
2.392189
2.924746
1.136399
1.737579
2.734966
2.507519
2.093905
1.752447
3.149549
1.654162
0.729866
0.880314
-0.530065
0.048930
0.580566
3.108084
1.692142
0.586945
-0.333444
-1.426085
1.757122
0.830151
3.133301
-0.116956
-0.633377
-3.188084
-0.585081
-0.382012
0.484342
3.614550
1.105083
-0.833992
-2.282326
-0.289146
0.747866
1.205917
0.157122
-0.621676
-0.611036
0.159637
0.216406
0.154044
-2.331081
2.478122
1.811822
1.849258
1.871487
1.881842
1.755675
2.596540
1.216572
1.227385
0.747721
1.807336
2.089501
0.725530
1.413241
1.617450
-0.400070
0.070573
3.177634
3.303268
0.286222
1.004338
1.624218
-0.361784
0.836559
0.749992
2.121395
0.705553
1.066154
1.202217
1.108032
2.143010
2.448146
3.384749
1.214474
0.460030
1.157403
-0.879401
-5.289352
3.833177
3.527156
0.249759
0.714762
2.733731
-0.185326
-1.050474
1.097679
-0.235017
-0.549330
3.249734
2.400126
0.939740
0.060168
-0.710702
-0.717810
0.070130
0.334344
2.309025
0.706485
-1.219111
-2.117115
-2.727788
-1.383895
0.685236
1.466866
0.012584
-1.292770
0.240557
-1.130568
-0.280022
0.274114
1.507815
0.268090
2.321451
2.476552
2.484942
-1.200809
-1.640749
2.322685
0.790313
1.123047
2.213676
2.300329
-1.320049
-0.247704
2.454349
0.632902
1.408027
0.565427
1.141690
-1.502688
0.386464
2.239597
0.856990
-1.029783
-0.063488
-1.694633
-1.280714
0.670393
-1.083870
0.226677
0.667925
0.182466
0.391806
0.411633
-0.588619
-0.271506
-0.278752
0.478912
-0.666641
-1.114431
0.852686
0.141980
-0.959431
-0.855043
1.528275
3.682655
2.160738
-0.433555
-1.320933
-1.049042
1.279821
1.442643
2.064837
0.487287
-0.000129
-1.900373
-0.104818
-0.415561
1.755720
-1.484805
2.630072
0.391711
-1.006362
-0.025750
-0.897210
-3.212723
-2.368659
0.482568
0.460887
-0.028593
-1.035966
-1.208407
-1.756698
0.878249
-1.043627
-1.834944
-1.044844
-3.536905
-3.016327
-3.132082
-3.220381
-3.383516
-2.961222
-3.274130
-4.350224
-0.529617
-2.045961
-1.005576
-1.137518
-2.215272
-3.032162
-4.048616
1.920090
1.463401
2.083777
2.533121
-0.110500
-2.547592
-3.636721
2.951299
1.501826
-1.535319
0.595718
5.100544
1.014879
-3.686230
0.351862
0.339498
-2.571819
-0.456655
1.320194
-2.079153
-3.784517
2.290986
4.236053
0.940944
2.359609
3.328180
-2.641716
-2.639633
-0.747808
-0.096639
-1.997468
-0.379430
-1.232563
-2.363062
-1.018522
-0.845990
-0.594019
-0.257089
0.011564
-0.724189
-2.225816
-1.126584
-1.251905
-0.723038
0.686504
1.240445
-0.923577
-2.335021
-0.040208
-0.165419
-2.611320
-4.937641
-2.888257
-1.632129
-1.593646
0.170402
0.364053
-0.268454
-5.288622
-5.207956
-0.506858
-1.527762
0.602822
-0.830456
-1.054291
-1.502606
-1.519177
-1.531972
-1.731285
-0.357940
-0.946823
-1.873202
-2.610573
-0.889963
0.237644
-1.790882
-3.761588
-2.591199
-0.340270
-2.109584
0.049336
-0.335095
-5.267669
-1.953916
-0.395147
-0.359300
-0.226367
0.100372
-0.407755
-1.253329
-0.585800
1.247276
-0.679861
-1.869556
-1.463594
-0.120947
0.512598
0.152514
-0.648202
-2.565584
-6.684156
-4.644888
-0.935425
0.210959
-0.024771
-1.907782
-5.659679
-4.579395
-3.266033
-4.745750
-0.502150
1.012767
0.812055
-1.970638
0.013314
-0.596171
-0.527142
0.603680
0.220852
0.589599
-1.830331
0.186639
-1.240540
-1.062976
0.572741
-0.072330
0.131904
0.469913
-0.199972
0.449943
-0.666588
0.155652
0.792372
1.945984
1.437111
1.709149
1.744491
1.580998
2.296783
1.885446
2.222678
0.772720
-0.452434
-0.922530
0.600170
3.319702
2.590081
2.149074
3.318133
2.832439
2.398894
2.071259
2.683711
2.940794
3.256382
1.671151
3.161575
0.095063
-1.819629
-0.032281
3.400011
4.545634
2.236938
-0.612184
-0.672822
0.894985
2.830687
2.633917
3.212807
-1.342710
-2.362042
-2.418844
1.729079
3.572567
1.661096
1.774528
1.829178
0.884685
0.369903
-0.682021
1.551878
4.502680
2.681798
2.759483
2.604232
2.971681
2.838270
3.696871
1.987604
0.152358
-0.881934
0.271948
0.016884
-0.873234
1.015303
1.724248
0.183713
-0.679278
1.867631
1.867837
-1.440259
0.836198
0.366696
-0.559302
1.373313
0.346661
0.120366
-1.724492
0.208743
1.303109
-1.039742
-0.210127
-0.969314
-0.399995
-1.785546
-0.522532
0.989045
0.100216
0.099389
-3.076217
0.104684
-0.908435
-0.395030
3.333918
0.585492
0.287834
-1.494993
-0.039590
-0.195869
2.013219
1.038607
0.182167
-0.159358
-0.648136
-0.427319
-0.015106
0.975586
0.718042
0.542122
0.413775
-0.721328
-1.565014
-0.117536
0.842459
0.524422
0.374795
2.993016
3.149755
3.013924
0.707312
0.690259
1.054862
3.341151
1.505682
0.570811
2.686223
5.943748
2.802616
1.689924
2.523442
-1.244309
-5.819598
-3.693671
2.985822
2.787135
0.751471
2.008711
7.849356
1.778836
0.180146
0.962669
1.616469
1.016234
1.391713
2.610754
0.760766
0.633293
0.113419
-0.360428
0.950797
1.307765
0.807141
0.559486
0.538041
0.991580
1.341329
1.684394
0.049667
0.416362
2.594312
2.087991
0.323336
1.095485
0.305347
-0.699416
-1.527051
1.428016
1.889503
-1.705707
-0.378985
-0.254679
1.638736
2.093951
4.126500
2.366902
-0.784736
0.613801
0.084338
-0.403284
-0.300033
3.258666
-2.109787
-0.199159
0.647987
1.033637
-0.780868
0.159682
3.160186
-2.894202
-1.749412
0.732936
0.753375
0.229581
-0.260067
0.151158
-0.175124
0.691093
0.569140
2.441828
1.212006
1.016719
-0.647744
-0.607101
1.247304
1.524841
0.661875
-0.633859
-1.521119
0.578572
-0.217192
-0.986813
-0.437903
-0.200583
-2.260039
-1.983811
2.027194
2.092287
-1.555296
-1.101207
-0.170330
-2.381104
0.406500
4.172512
3.366642
1.252144
-0.599243
-0.825956
-1.413604
1.282703
3.944688
3.345007
-0.931848
-1.224447
-0.184277
0.167620
6.349421
0.677213
5.874134
1.821154
-0.885793
0.756828
0.221206
0.842921
-1.049466
1.824605
2.404539
0.312601
