6.782919
3.164213
4.382295
5.930501
5.772686
4.745019
0.705640
6.317944
-0.015017
0.733527
-3.729128
-3.504524
1.210736
2.633152
8.005194
-3.232310
-3.552783
-4.044542
-4.956120
2.534616
2.392329
7.625541
-6.685145
-8.840672
-1.947619
-3.331340
-6.005365
-0.373503
6.707681
0.055715
-3.260344
-1.624982
-0.922691
-0.437118
3.935608
7.073191
-3.338173
-4.996360
3.163812
-2.973230
-3.013389
2.894540
1.086984
1.384750
-2.169253
3.042254
-3.452023
-1.137474
-5.696058
-0.701226
1.771260
1.213473
1.384450
1.483320
1.765175
1.419815
1.039857
3.994752
4.069404
3.885750
3.930578
3.879478
3.157699
0.931001
2.903460
2.135561
3.683896
4.437770
3.349399
3.997802
1.209758
1.686890
1.943074
3.383741
5.405675
4.386987
2.280594
0.905207
4.262523
3.902091
3.141609
3.461365
2.386770
3.037945
0.615587
3.736615
8.560492
6.289115
3.663716
2.195330
2.702351
0.813056
3.313074
2.907763
3.322127
1.563043
1.472451
3.052758
4.383042
-1.033684
2.474636
0.819262
1.265906
1.823638
1.226184
-1.019752
-4.186009
-2.574920
-6.600660
-7.561576
-3.117049
-3.473807
3.074439
-3.969735
-3.601322
-4.173039
-5.477310
-2.433712
-0.555670
2.179328
-4.643806
-0.680054
3.137698
1.646568
1.435495
-0.049170
3.548246
-2.315692
6.361165
10.225327
6.965265
0.959634
-0.213853
1.844501
-4.543811
5.175080
-1.890944
2.976549
-0.959858
-1.351169
1.900382
-3.876400
-2.941045
-1.687305
-4.076335
-2.985087
-0.801872
-0.965617
-1.299600
-0.539234
0.596985
0.541452
-0.427935
-0.433146
0.086570
-0.040601
0.174085
1.095896
1.405945
0.078429
-0.432158
0.505886
-2.099366
-2.813872
-3.245408
-1.523891
-0.352790
1.496512
-0.042364
-4.014389
-4.981340
-4.590942
-2.611913
-0.145562
0.233454
-0.132235
-2.323299
-5.917772
-4.109161
-3.985506
-2.005907
0.991724
-0.495259
-1.292956
-1.389123
-3.317212
-5.333026
-2.384377
0.161859
-0.666730
0.225859
-0.891557
-0.927703
-3.312092
-0.474000
-0.254419
3.097381
0.954796
0.370075
0.922877
1.333556
0.810824
0.608774
0.296816
-0.741788
-2.871488
-1.626613
-2.398607
-2.063082
0.358999
-1.500844
0.076471
-1.583712
1.136820
-1.455719
-1.711260
-1.046555
-1.470179
2.071077
-3.743263
1.601905
-0.939405
-1.221780
0.040114
-1.250768
-0.577339
2.488444
2.822145
3.232679
-2.006202
-1.845544
0.425876
0.155654
3.537428
2.235167
1.088474
1.316162
0.020286
1.557605
2.396494
0.072531
-0.158410
0.728512
2.012080
0.436045
-1.588399
-0.245540
-0.440162
0.394927
-0.053269
-0.331505
0.038738
1.157198
2.603236
2.981099
2.497732
3.648758
1.965432
1.445763
1.346890
4.562665
5.787517
2.253845
2.545363
2.043503
1.433605
1.626318
2.164265
6.859417
-0.833561
-1.139543
6.142447
2.999301
0.012202
1.380778
3.684656
0.968101
2.530968
0.664602
1.054658
-0.583382
0.352490
-1.429920
-0.835523
0.404320
-1.823582
-0.397999
-0.970015
-1.371513
-3.386122
-0.655557
-1.881885
-2.786500
-1.113891
-4.846696
-2.576960
-3.712748
-3.436349
-3.617752
-3.744800
-4.380138
-2.262424
0.543541
-0.623518
0.583719
1.078149
-2.124833
-1.171105
-2.266256
3.102256
0.147068
0.866933
0.861893
-1.137678
-0.085935
-2.726615
0.883917
-5.755344
-5.926856
-5.254945
1.108150
0.326754
-1.087337
-1.989146
-4.457212
-8.401333
-7.327196
-4.311085
-2.358573
-1.937638
-1.471988
2.659064
-5.416473
-2.957369
-1.548829
-1.427020
-3.770543
-1.221776
-1.614187
-1.413337
-2.228355
-2.266467
-2.418074
-1.097808
-2.197450
-2.244030
-2.249343
-2.287246
-2.229557
-2.327264
-2.434067
-2.398980
-2.946675
-1.111244
-1.299969
-3.263105
-2.469643
-3.027096
-1.726494
-0.498248
1.355576
0.161595
-2.126306
-3.945086
-3.345531
-0.390635
5.028543
2.181326
2.633565
-0.765081
-5.681148
-3.565088
-2.622739
2.086044
1.660406
1.433334
-1.158322
-5.259608
-3.105351
-0.948849
0.688881
-0.184865
2.876721
-0.746776
-3.839458
-2.549257
-3.234319
-2.897910
-3.403738
-2.641036
-2.864043
-3.259840
1.251567
-0.252581
0.621559
-0.479216
-0.283027
0.717053
2.601324
0.555010
0.118105
-0.754269
1.361962
1.101231
-0.357965
2.404236
0.792608
1.386355
1.536153
2.493044
3.214169
0.775964
2.057646
0.892743
1.963548
2.278627
0.019330
2.543366
6.327338
3.199069
2.141649
1.917190
2.638051
-0.297571
-0.175898
3.301616
2.970533
2.346342
1.332811
0.963634
4.936709
3.400258
2.353154
2.637825
2.181080
0.585014
2.124079
1.354722
1.933429
1.253058
2.558162
-7.101014
-2.887466
-3.088710
-2.907189
-3.101168
-3.105933
-5.231740
-4.024322
-4.358274
-3.265538
-3.138662
-3.345144
-4.061497
-4.636905
-3.711128
-4.272726
-1.620736
-2.735252
-2.818153
-2.720864
-5.734512
-3.673094
-5.021563
-1.505492
-0.429138
1.833125
-0.113126
-4.747447
-4.118787
-5.830183
-2.558939
0.000285
0.452509
-1.809104
-4.792459
-3.898030
-6.959836
-4.323483
-0.000700
-1.617119
-5.453528
-5.288016
-4.053790
-4.850414
-5.225585
-4.215771
-4.794651
-5.130317
-3.525784
4.577077
-1.224835
-1.339955
-1.472042
-1.434126
-1.172671
1.370665
-2.870690
-3.904257
-4.152336
-2.154362
-2.485782
-4.054228
-3.813782
-3.917038
-5.575447
-3.212679
0.101644
-0.744750
-4.556047
-5.363429
-3.528276
-6.875816
-7.586522
-6.719691
-3.251617
-8.545571
-6.504549
-2.447119
-6.443796
-2.070846
-3.683456
-0.035130
-6.884590
-5.791799
-1.697186
-5.661529
-2.374190
-4.085218
6.057961
-1.580756
-3.018353
-0.120099
-5.677187
-6.438908
-7.168990
-5.108925
-5.254869
-1.246209
1.979708
-0.286517
0.574071
-0.052840
0.238551
0.418586
-2.188937
-0.019135
-1.862818
-0.415665
-0.616039
-0.842625
-0.825002
-3.293274
1.901160
-1.221835
0.777516
-0.002676
-1.665041
1.802955
-1.045474
2.455569
1.695441
-0.753133
1.467865
1.699424
-0.945747
0.962630
1.928704
4.438972
1.361657
5.745534
1.929253
3.845473
1.661167
0.230462
0.051622
0.174699
7.294500
-1.034994
-0.833249
-1.403030
-1.323343
-2.238631
-1.221095
-0.448244
-2.568098
-3.665049
-3.716144
-1.630830
-1.030152
-0.693165
-0.002640
-0.477291
-0.896123
-0.317642
1.247666
0.456299
0.509031
3.518775
2.637650
1.253849
1.646132
0.715510
0.981601
-0.787625
1.645172
2.179718
0.212992
2.379198
0.435333
0.193698
-1.351126
-2.777903
1.851656
3.421060
2.647243
0.336091
-1.269467
0.886581
0.763177
1.880461
-2.244266
0.193498
0.939956
-0.010359
6.692787
-1.666395
0.917238
-0.610291
0.905265
1.775575
1.160703
-0.734701
-1.442804
-1.805451
0.528490
2.720036
-1.940085
0.209219
-2.472121
-1.605879
-1.236666
-0.512172
-0.506702
2.071259
0.500485
-1.813360
-2.607603
-2.719913
0.087392
1.048463
0.008261
-0.556898
-3.975389
-3.930352
-4.372921
-2.275498
-2.223673
0.320749
-0.415712
-7.443233
-5.704643
-4.699244
0.137335
0.672387
-1.030424
-1.193186
-5.756307
-7.767138
-2.843626
0.701236
0.687465
1.712505
1.679064
-1.713878
-4.946845
1.322915
6.401534
1.575406
-0.834911
-1.346703
0.017873
-0.485919
0.638590
1.542696
-1.001575
7.257001
2.314015
4.613486
3.173771
3.068495
3.943746
1.873633
3.697631
-1.508874
-0.058284
-1.270602
-2.349938
0.151602
0.407622
3.793344
-2.497117
2.381061
-1.472110
-0.909925
2.424326
0.646721
2.159587
-2.175369
2.290835
-1.193332
-0.293619
-0.020944
-2.661371
3.676466
-0.925442
1.191972
2.128141
1.904117
1.601667
0.608556
3.670148
-2.989938
-5.501944
5.289171
-4.950455
-1.579819
0.430377
3.779416
-0.379773
-0.376698
5.109957
-0.582421
-0.521296
-1.169696
3.114319
-0.056906
1.641291
0.495216
0.522453
1.312299
0.830586
0.483131
-2.102178
1.695684
-0.070058
1.134881
0.432029
-1.486798
1.209679
-0.385569
-1.162580
-0.631100
-0.810203
0.210908
-1.981771
0.550567
-2.093107
-3.791450
-0.069982
0.641300
-3.671412
-1.596419
-0.325569
-4.379748
-0.683059
-0.136400
1.053573
-4.465752
-2.219266
2.203228
-1.815404
-2.551214
-3.161703
-0.240727
-0.950354
1.392110
1.864381
-2.140115
-6.364242
-3.900057
-4.704116
-1.902475
2.031954
-1.204865
-2.961514
-1.768551
-0.913714
-1.072175
-2.313850
-4.387942
-3.549032
-2.861276
-1.425075
-0.293570
-0.115130
-1.799999
-4.325637
-1.717988
-1.783902
-0.753183
-0.102027
-0.846994
-0.774604
-2.716501
-1.320027
-2.957695
-2.985403
-1.635870
-1.938176
-3.611805
-2.908196
-2.257243
-1.579424
1.121426
-0.014876
0.422989
-0.216755
-1.114012
-2.221670
-0.594735
0.474246
0.497488
0.153804
-0.612440
-2.744262
-4.499147
-2.855774
-1.012897
-0.950139
-1.931041
-2.437419
-5.668518
0.778460
1.470876
0.715230
1.473383
1.734120
1.473562
2.872245
1.938070
1.484746
1.521648
2.353036
3.390711
3.017385
2.641633
1.842265
-1.190324
-1.571938
2.573827
2.042194
-0.316649
-0.607443
0.414618
-1.310402
-3.707046
-4.467793
-4.424370
-2.090174
-3.068781
0.497025
-2.888384
-6.774037
-14.220594
-8.412213
-1.097607
-2.976190
2.255219
-2.011236
-0.685521
-4.546196
-4.795120
-0.141206
0.120478
0.638770
-1.958499
-1.256113
-3.100847
-1.839586
-0.661923
-1.141212
4.352718
2.452400
2.368843
1.951309
2.015536
2.392882
2.598001
1.802382
0.051589
-0.306974
-0.506306
-0.561103
-0.271279
0.804637
1.496179
-0.401941
-3.027651
-3.738409
-3.630872
-0.819826
0.210972
1.673962
-1.462853
-5.283970
-3.713223
-4.762624
-6.152408
-1.737089
1.967399
0.247413
-2.442481
-2.411786
-2.086238
-4.419853
0.680787
1.787913
0.822496
-2.949724
-3.501784
-2.103061
-0.806145
1.428712
2.084140
-0.418366
-1.383441
-0.473832
-2.050486
-0.803832
1.072087
0.724313
1.650996
4.441085
4.295998
3.757941
3.075911
4.707515
3.103698
1.139923
1.223506
-0.972606
-1.382366
-0.002158
3.233226
4.464371
-0.749864
0.282510
-1.707894
0.173134
-0.044443
4.606824
4.726559
1.189800
0.268003
3.883031
-0.051140
-5.289515
0.347763
4.975112
5.690524
1.694136
4.905451
-1.751904
-2.384310
4.477230
4.321105
-0.443948
-10.035299
-2.331971
-5.855928
-1.562351
6.033397
5.875477
4.744104
-0.293474
4.228116
0.183561
1.056859
7.227786
2.529972
1.630407
1.396565
1.012826
1.046033
1.813840
2.391653
1.165191
1.146698
-0.512429
-1.646331
-1.514729
0.236939
1.568713
0.571695
1.507181
-0.797453
0.083241
0.789166
-1.236063
0.395254
1.166209
2.584492
1.198116
0.964164
0.605414
1.397257
1.186435
1.300522
-0.484002
-2.143589
-2.134534
-0.404380
0.926192
0.586630
2.292488
0.138189
-2.104438
-1.615604
-0.142478
0.185085
0.742811
2.142121
1.131409
0.723076
-0.312618
0.389975
0.686249
1.562054
0.091888
0.319202
0.017708
-0.231192
-0.244570
0.095811
-0.407868
0.868881
2.564522
0.877645
1.941210
2.052141
1.271108
2.189196
1.233931
3.013063
0.751823
1.467453
2.118987
0.881278
3.533771
2.019403
0.956042
-3.745660
1.049466
-0.656343
-2.058047
5.020313
2.848711
3.307034
-0.012467
-1.608568
-0.870683
0.138677
4.482826
2.940015
4.170538
-1.453794
1.899451
-0.863057
1.471356
4.902392
1.575010
5.087471
3.328997
5.145173
3.888459
3.277815
2.459860
5.409176
0.684454
0.509167
0.595020
0.508164
0.815447
5.317573
0.854404
-0.693432
-0.583087
3.700864
2.930443
-0.045580
1.969307
0.666224
1.119960
-0.457139
-0.821571
-2.447515
-0.382472
1.352263
0.296574
0.428319
-2.459130
-4.020578
-2.685336
-0.343130
0.783927
0.769397
1.003360
0.786618
1.112956
0.271162
3.056536
0.764342
1.006531
-1.976666
1.682698
-0.016776
-2.859798
-1.285197
0.841950
4.427492
-0.356870
0.799977
-1.939804
1.310551
0.124819
5.517355
9.437584
1.516670
2.958655
1.647148
1.948422
2.820619
6.858250
3.262029
-1.437264
1.244574
-2.574559
-3.150036
-0.008021
0.084654
3.164165
-3.544341
2.320219
0.556149
-0.926377
0.207216
-0.162955
2.779408
-1.109783
5.278059
3.192187
3.556640
4.224082
0.457826
2.978088
2.086759
3.875172
5.792320
4.539900
3.368952
1.111509
3.157147
-0.542367
2.310861
2.851051
0.627159
0.734407
1.832072
5.527081
-2.023242
-1.332627
0.204595
-2.682269
-2.374135
1.928060
-4.582072
-1.943157
-2.173581
-2.756745
-2.856806
-2.018288
-4.132874
-2.419497
-2.823997
-3.015813
-1.585401
-1.838616
-1.883958
-2.629180
-2.883983
-4.152608
-3.639697
-4.011105
-3.476465
-3.769518
-4.037353
-3.454156
-3.590338
-6.438115
-7.147226
-4.298648
-4.419243
-2.378887
-4.459873
-3.161449
-3.668332
-1.880704
-1.939551
-0.186028
-2.260461
-2.751248
0.447195
1.806933
3.146158
2.665365
2.321963
-2.000725
-4.464121
-2.471208
-1.658083
-0.093200
0.434875
-0.189607
-4.047927
-10.733871
0.765076
-2.413512
-0.644293
-1.469962
-2.409087
-7.488543
-1.351964
2.443464
0.421400
-1.624743
-0.511729
1.877339
0.189039
-4.533910
-0.814420
-1.508368
-3.912869
-5.479575
-1.601536
-3.655708
-5.679281
-2.689412
-1.024546
1.068105
-3.801519
-1.251193
-5.744567
-5.629169
-2.686777
-4.355027
-0.780961
-1.670490
-2.214611
-5.494575
-3.650310
0.162018
-0.432096
-2.024558
0.277395
-1.032889
-3.688877
-3.102530
1.127963
-0.614376
-1.767031
0.697016
0.890301
-0.527798
-3.279475
-1.045856
-0.210838
-0.287924
-0.210248
-0.352986
-1.059336
-1.426390
-2.063670
0.584007
-0.235811
-0.748399
-0.322030
-1.501562
-1.310668
0.074574
5.446664
4.153163
1.509345
3.024730
-3.192892
-1.410692
4.350661
9.231802
-0.587215
1.982000
9.663300
0.067598
-1.962044
4.221297
5.255076
-0.640935
1.684823
8.894281
-0.287392
-2.608453
0.986601
6.222225
7.353501
4.314446
4.625142
-2.387647
-1.467544
-1.900375
0.561300
0.572660
3.748506
0.546718
-1.598769
3.082929
0.240112
1.315210
0.620302
0.879581
1.181726
2.251887
1.462785
-0.715239
-1.930575
-0.700826
-1.294644
-1.428484
0.122668
2.213267
0.383245
0.249915
-3.535470
-3.236601
-0.726162
-0.804165
1.454226
1.579360
4.101767
-2.414710
-0.608712
2.592105
0.774841
1.284666
-1.259378
-1.553912
-0.599635
1.184404
1.256952
-0.395313
2.105762
1.001165
4.297824
-0.419995
2.889483
2.999778
-1.420090
2.250257
-1.394161
1.451386
-0.112504
3.046531
1.509995
0.917120
4.139594
-0.351527
-0.900589
-0.788667
-0.615886
-0.548613
-0.258532
0.161779
-1.627284
-2.477210
-3.603045
-2.413555
-1.744346
-2.033374
1.546536
-1.208187
-6.703081
-1.947097
-3.033220
-2.215465
-0.320648
1.422025
-2.202699
-7.749897
-5.009005
-6.688190
-4.392461
-0.820843
0.958532
-3.380324
-1.933900
-3.378159
-4.518714
-5.560143
-1.437590
1.569240
-0.798208
3.626048
-2.539862
0.757893
-1.448639
-0.671911
2.571375
-1.482563
-2.501905
-4.666943
-4.181430
-1.681030
-0.317491
7.041230
0.343444
1.360753
0.548538
0.581007
1.259810
2.824793
-0.561621
-1.999283
-2.462606
0.870235
-0.116458
-3.585825
-0.516059
-0.669194
-1.411667
-2.390516
3.018068
1.766030
-3.438594
-1.695421
-0.664432
-2.409577
-4.714594
1.012910
0.171788
-8.567335
-2.054565
-0.761662
-0.686882
-3.075756
-1.642633
-4.907094
-4.060244
-2.555680
0.055079
-0.277403
-4.813674
0.561958
-4.676175
-3.496510
-1.207865
1.660853
1.501388
0.606160
1.534312
1.015640
1.099146
1.940531
1.321553
-0.323734
-0.494260
-0.083436
-0.224309
-0.371867
0.271732
-0.727794
-0.949958
-1.862898
-3.860020
-3.218634
-1.879854
-1.299360
-0.711722
-1.496414
-5.371857
-8.954094
-9.468423
-2.862541
1.014244
-0.575917
-3.441741
-8.991199
-5.767283
-10.336651
-6.703171
2.144813
-0.920163
-1.313076
-6.675061
-5.369962
-9.823854
-4.723832
2.451958
-1.047659
0.159967
-4.573666
-2.016590
-5.108454
-2.616666
0.367987
-0.995179
0.750122
2.153488
1.517255
1.548173
0.812456
-1.131732
-0.520090
-0.810256
-1.413078
-2.710025
-2.893595
-1.308183
-0.868761
0.218376
-2.523505
-2.185932
2.084177
2.071140
-0.780245
-1.417608
-1.490002
-0.037491
-1.439727
1.950042
0.734834
-2.306820
-1.399476
-1.124630
3.730972
8.700823
8.041306
7.251779
10.408669
2.525081
-0.736260
2.692029
9.057507
11.726727
7.938294
6.660745
0.500414
-1.505539
1.420947
4.150358
6.060776
3.445674
1.103855
-1.190970
0.189511
-2.054941
-0.525749
-0.223236
-1.073687
-2.349491
-1.691419
-0.476265
-0.233622
-0.310346
-2.059037
-1.546078
-0.553725
0.670060
-0.647545
-1.416061
-3.328467
-4.567970
-4.641472
-2.471319
-0.624846
-2.625164
-0.346317
-1.309232
-8.406294
-6.904913
-4.474574
-2.743117
-2.811995
1.129863
3.653801
-3.446862
-1.188082
1.842152
-2.308613
-2.246249
-4.982669
-5.475648
-4.531816
-3.514698
-4.238580
-2.808515
-1.802767
-4.447807
-5.009299
-5.682783
-3.924618
-4.438842
-1.412369
0.152807
-2.141937
-4.277064
-7.275522
-2.911426
-2.360297
-0.454284
-0.152808
-0.769727
-0.826146
-0.892500
-1.040890
-0.814080
-0.078465
0.065304
-3.247672
-3.352013
-2.815263
-3.548620
-3.168028
-0.336038
-0.391795
-4.398496
-3.378521
0.935808
0.324793
-2.830267
-1.239779
0.081153
-3.410774
-3.844804
0.204249
1.028118
-3.332142
-1.053016
-0.298301
-4.031597
-2.455353
0.573084
-0.828563
-3.325842
-1.157356
0.043933
-4.772397
-4.785155
2.607224
-1.122786
-4.941387
-2.054606
1.440640
-0.805756
-1.694895
0.263909
0.306710
0.118272
1.266826
8.290613
2.190961
5.519304
4.676869
5.057698
5.606783
4.705528
3.639837
-3.600797
-0.302348
-3.272661
-2.622953
0.044448
-0.467522
4.019733
-3.756677
-0.789436
-4.903380
-1.210557
-0.628921
-4.174566
2.534028
-5.235341
-4.564383
-0.609370
1.124254
2.795576
-2.604736
2.385572
-3.119700
0.222125
1.168728
0.589031
1.872561
-2.871068
4.544034
-2.722370
-3.057721
-1.076679
0.887662
0.081857
-1.435366
4.836311
-3.611044
-4.475048
-1.881619
-0.750961
-0.271843
0.274742
-3.968995
-3.995693
-2.293730
-2.167685
-2.040340
-2.837005
-4.354542
-4.047608
-4.763421
-3.000546
-5.899408
-6.191586
-3.604529
-4.926147
-2.976148
-5.086855
-2.783639
-3.904094
-5.235611
-2.754385
-2.729822
-2.312398
-4.007666
-1.528190
3.298115
0.374062
-7.211362
-5.651859
-1.827185
-0.503422
0.600401
3.010664
1.164014
-1.743894
-1.514534
-2.749509
-3.869696
-3.234315
1.550454
-3.681968
-4.362253
-1.346809
-3.596792
-2.667158
-2.026591
1.039041
-2.787757
-3.169148
-3.409398
-1.698419
-1.699634
-0.964663
-1.112606
-1.188439
-1.795826
-1.891944
-1.166016
1.599591
-0.042325
-3.493426
-2.868995
-1.895574
-0.955016
1.024175
5.325588
1.348161
-3.626755
-3.607572
-1.384437
2.599874
-0.452657
1.772487
0.280769
-6.091458
-7.755925
-3.777714
-0.069232
-1.029666
-0.030029
-3.778842
-6.717371
-6.925204
-7.153693
-0.835335
-0.714613
3.343750
-0.913336
-1.000269
-3.866661
-2.172095
-0.128402
0.667010
3.199087
2.279429
1.854048
-2.330526
-1.970626
1.903110
1.856612
1.421903
1.461879
1.555765
1.497149
1.541801
0.685106
1.521216
1.579143
1.605289
3.144661
2.671222
1.371488
0.976949
0.949334
1.240093
-0.805529
3.160368
1.660980
0.454304
1.767491
1.210077
1.694970
2.834637
5.953842
6.341532
2.874492
2.417186
1.293695
0.656979
5.560497
8.740257
5.823110
2.067743
1.857101
1.788261
0.819646
5.336642
4.936056
3.222073
-0.181593
1.413519
0.310589
0.439286
3.499887
1.799205
1.215590
1.272141
-0.392511
-2.786275
0.389164
-2.631543
-0.799477
-1.304260
-2.765662
-3.949875
-1.413307
-0.266851
-2.273866
-3.658082
-2.265908
-2.229544
-1.822673
-3.416164
-0.967100
-6.131207
-11.992607
-12.745571
-6.712540
-1.212682
-3.484316
-3.621476
-2.868789
-1.719491
-6.347487
-7.483162
-2.613075
-3.121066
-2.481265
-1.924020
1.166271
-3.329948
-7.691025
-1.807730
-2.944965
-2.056905
-0.131825
-3.332848
-4.474758
-5.813015
-2.432624
-3.874899
-1.700446
0.112508
-0.824064
-0.143950
-1.634261
-3.750564
3.212187
2.269092
1.651953
1.277932
1.703122
2.369387
2.103522
0.995001
-0.988859
-1.887233
-1.784216
-1.090791
-1.368787
0.317523
1.393609
-3.821856
-4.205577
-14.222975
-9.992399
-0.726592
-0.013860
1.549811
-5.824730
-14.936107
-13.731627
-12.758912
-13.388317
-4.929121
1.751541
-1.198858
-8.179672
-14.299501
-10.141661
-6.759251
-0.779889
2.176745
-1.681721
-8.043160
-9.565702
-3.263796
-1.363643
0.713139
2.253562
-0.186339
-2.818810
-3.019865
-2.554656
-1.136523
1.415735
-5.936713
0.223185
1.350265
2.498886
2.262606
0.829199
-1.452634
-0.201096
-3.009793
0.262294
-2.417771
-1.793728
-0.400267
-1.931297
2.227997
-1.992854
0.441520
-1.488931
-0.848466
-0.796334
-0.598637
2.418756
-0.820082
-5.397687
-1.742951
-2.121599
-2.414519
-1.199790
1.426592
-3.531104
-7.576110
-7.867605
-7.504437
-5.150614
-0.705453
1.146311
-3.372787
-1.643711
-0.227756
-3.123455
-1.408895
-0.090464
-2.407545
-1.612418
-1.377157
0.269131
-0.432504
-0.791408
-2.945580
5.388031
-0.389826
-0.131267
-1.319989
-0.814394
-0.119832
3.321819
-2.020350
-5.405950
-5.034746
-6.424341
-6.296834
-4.947489
-2.382668
-1.781525
-5.164232
-3.382308
-1.446369
-2.202921
-2.481908
-1.472333
-1.435618
-4.532299
-2.164822
3.361609
0.198656
-6.293311
-2.554645
-0.130647
0.070113
-0.077684
6.312141
-0.896459
-1.788890
-1.109972
-0.189281
-1.584072
-5.831177
6.199773
-2.432533
-2.128092
0.500157
-1.752611
-4.691030
-4.168862
-2.041065
-3.606866
-4.403727
-3.056775
2.172422
2.143878
2.254325
1.614939
1.905006
2.781589
2.725893
0.242108
1.135099
0.128637
-0.930290
0.340934
1.272169
1.191060
1.921361
-0.992101
-2.319352
-1.351711
-1.886332
1.047251
2.621553
1.522625
-4.122795
-11.351958
-4.598229
-5.083998
-5.318228
0.076503
2.218411
0.748793
-2.872116
-6.010598
-2.268396
-2.076406
2.164042
2.211762
2.003359
1.253948
-2.799373
1.516873
3.099157
3.463969
1.604497
2.631648
0.608042
3.464561
0.762045
0.629984
1.750880
-2.755811
-2.878045
-1.661002
-1.767942
-1.872508
-1.863839
-3.315966
-2.999827
-2.194394
-1.153703
-2.688287
-2.960393
-1.466174
-3.162582
-2.218457
-4.857015
0.066092
-1.864673
-1.378691
-0.220636
-3.047083
-1.704893
-3.875639
-0.089446
0.209368
-0.527831
-1.446058
-3.127439
-2.445081
-1.332583
-2.143560
-0.107327
-1.020129
-0.125529
-2.379390
-1.988271
-1.361118
-3.462517
0.137135
-1.925079
-1.084979
-2.275077
-2.095420
-1.368980
-1.448882
-0.869775
-1.301875
-1.753998
-2.272047
11.252749
1.943727
6.155115
3.162937
4.191990
5.900894
4.668521
2.795901
-0.834594
2.154028
4.163860
2.895391
3.210574
0.604247
3.727393
-1.705796
2.267515
2.910006
5.631922
3.217903
0.161937
2.571047
-1.510636
2.490198
-2.974125
-2.334848
-2.272548
-2.803817
2.837741
2.358752
5.203363
-3.157115
2.855584
3.922261
0.001735
5.327780
1.964552
5.657892
1.927768
7.612724
5.610227
1.305900
4.697887
-0.128063
-0.487738
0.596731
-1.271038
-0.211861
-0.728431
-7.873032
1.402202
-3.011680
0.832793
0.256608
-2.032504
-6.184662
2.400047
8.495138
9.247875
6.615837
7.419939
6.819499
0.995069
0.489698
9.117365
6.271109
-0.451276
-0.744082
5.980762
1.443397
1.400251
7.024086
2.441255
-4.214082
-3.137365
4.044983
2.444569
-0.561542
8.305265
2.994358
-1.308907
2.909668
5.878381
2.260982
-0.667081
7.754756
6.579725
2.846904
3.293273
4.807974
1.154417
-7.508074
3.698134
3.380592
-0.128550
2.567982
2.672522
-10.108688
2.184866
1.935921
0.631082
-0.390730
-0.936317
0.268051
3.802974
3.025434
-0.080811
0.387080
-1.615749
-2.939684
-0.526357
1.936007
1.490158
-2.874568
3.049105
0.135328
0.175230
-1.334993
-1.386058
1.089231
-1.213762
2.462258
5.557893
4.228473
1.190365
-0.196577
0.819392
-2.235076
-3.761154
-0.773356
-2.602675
-2.869032
-2.676699
1.255157
-0.950395
1.838654
0.456574
-3.699007
-2.551759
-1.333753
2.546869
-1.601130
-3.439194
-2.049907
-0.891865
-1.292199
2.810627
-1.482219
-0.981566
-0.347103
0.413759
0.667614
-0.450240
-1.017856
-2.449606
-0.756477
-1.797929
-5.004684
-4.224960
-1.188246
-1.627915
-1.225571
-0.220793
-3.982576
-4.138775
-3.698678
-2.479841
-1.277897
-1.372447
1.328611
0.968455
0.520842
1.228628
2.565119
2.294491
-1.947714
-2.791624
0.800369
3.888197
2.544372
-2.310239
-1.538501
-1.823214
0.341839
0.256116
0.316121
3.009799
-0.876642
-1.316826
-2.862484
-0.755739
-1.805841
-4.835872
-1.785176
-2.012453
-2.696745
-0.708892
0.589809
-0.074543
-0.407464
-0.576509
0.036116
-1.474666
0.361112
1.942284
0.225330
-2.894975
-2.484243
0.246671
1.049221
0.406429
0.968806
-1.361297
-5.345249
-4.846773
-1.167061
0.804860
0.367079
-0.846652
-4.038231
-2.652189
-4.081694
-6.542141
-1.261980
-0.203543
0.022782
-5.595853
-4.340456
-5.339902
-5.102845
-0.228377
0.260220
0.550459
-5.882017
-4.568452
-2.878774
-1.101901
1.080277
-0.093698
2.032582
-0.887318
0.589258
0.684427
1.530875
0.450705
-8.247579
-0.909073
-6.917256
-4.108807
-5.746322
-6.590793
-2.434156
-3.460991
-0.959719
-3.333625
2.891291
1.324403
-5.079142
-1.278001
-7.020695
-0.075734
0.499451
9.834318
7.508175
-6.065616
-2.603027
-3.574524
5.699533
8.531161
4.885347
1.707186
4.415328
2.469015
-5.295445
0.079323
1.201070
2.777040
0.495562
-3.320798
0.568383
-5.609629
-1.928411
2.761666
-3.357173
-0.523258
-5.809496
-0.409356
-4.037885
2.374866
2.022607
1.950802
-0.472778
-2.476257
4.499217
3.598809
0.848171
-0.161832
0.764971
0.779046
0.565166
-0.681610
0.167436
-3.964726
-3.452692
-3.187131
-1.868680
-0.006214
0.589791
-0.837871
-4.669837
-4.161458
-0.978713
1.194347
0.012311
-1.528213
-0.708195
-5.695156
-5.075393
-0.841222
0.377520
5.027106
0.425259
-1.275569
-7.824519
-10.032560
-6.119492
-4.634377
-2.277813
-0.873747
-0.817282
-7.050114
-10.144873
-3.992432
-7.065101
-1.645802
0.116954
1.098048
-3.556364
-3.736268
-0.762040
-1.311582
-0.016299
0.033070
-1.343009
1.791656
0.585249
0.566046
0.501576
-0.431920
1.730393
1.339205
3.533236
1.673044
1.602701
1.456025
0.226267
3.162450
-0.217013
0.138804
-2.267868
-0.814869
-1.412810
-5.049884
-1.501891
-0.361128
1.722846
-1.132860
-11.505453
-10.824265
-0.540288
0.292233
1.168945
-2.352235
0.220749
-4.505558
-4.678647
0.342479
0.087771
0.177166
-0.424856
7.677231
-0.851897
1.938359
-0.794687
-0.401858
-0.371520
-1.950928
0.553955
-3.571778
-1.931767
-3.344142
-0.143650
6.194951
-1.165215
-0.519401
-1.275836
-0.915548
0.462045
0.488644
-1.296250
-1.566390
0.094788
6.403702
6.037575
0.670244
-1.052627
-2.605140
1.485630
-0.280602
10.832852
9.667524
-2.273012
-2.043909
-3.862930
0.902371
5.465689
2.917652
4.362514
3.259663
0.741297
-3.492854
-8.145262
-2.690571
-2.256236
-1.110729
-5.981908
-3.448992
-3.523016
-5.871821
4.383841
0.466909
2.095393
-3.951912
-5.203916
0.871900
-3.857217
-2.219682
-2.734504
-1.371710
-1.454890
-2.233786
6.890206
1.042150
1.828121
1.365695
1.694654
1.922988
4.020682
1.953082
-0.510548
-0.356988
-1.661657
-1.315476
0.341299
0.919574
1.440144
0.340126
3.167091
5.798007
4.059504
3.001571
0.551050
1.115858
3.918768
3.997365
-0.511017
-2.740509
2.873291
0.840373
1.746534
4.235545
0.020752
-4.061555
-6.764762
3.596415
1.290226
3.378604
0.626632
2.805573
3.275679
-1.841997
2.794952
1.811149
5.890595
1.382134
3.810663
2.344209
2.468816
1.400970
3.810558
6.160143
1.633022
2.606692
1.907395
2.292579
2.486929
1.008216
-0.464602
-1.179813
-1.896983
-2.121934
-2.445870
-2.175983
-1.874966
-0.062699
-3.391975
0.385877
-1.476436
-0.542478
-3.454393
-4.828710
-0.293606
-1.508929
-1.158130
-1.430599
-5.586022
-5.302093
-4.927545
-1.270512
1.066846
1.731795
-1.171582
-2.863203
2.210058
-3.045582
-0.247001
-2.018717
-1.413160
1.237521
0.097565
-1.395180
-4.038701
0.331003
-4.720670
-5.732804
-3.272429
-4.447688
-5.105556
-4.095920
0.744906
-0.681791
-0.612623
0.048864
-0.317536
-1.618949
-1.319438
-1.670990
-1.843968
-1.228438
1.839753
1.109224
-3.160857
-2.901040
-1.966171
0.974203
-4.810369
-1.855591
-2.319685
-5.615663
-2.368764
-0.312701
3.918002
3.309387
1.677727
-1.597014
-3.511947
-1.024015
0.531004
0.838888
1.884598
1.520427
-1.484101
-2.857602
-0.427991
0.363528
1.235722
1.053086
4.455869
-3.108094
-2.968766
-0.571026
-1.293952
2.339930
4.727527
5.986557
3.371634
0.900537
-1.871800
7.840502
-0.176197
0.234939
-0.696945
-0.552716
1.232270
2.658546
0.586450
-1.058063
1.511690
-0.734841
-0.141343
1.811159
0.746091
-0.986546
-5.031288
-0.944115
-2.474897
-3.387903
1.975068
0.621737
-1.234898
-8.278920
-11.752334
-1.232006
0.761160
-8.717743
-3.881953
-0.314702
-3.821743
-5.389209
-5.342813
-5.598882
-3.045273
-1.405417
0.587081
-6.149267
-15.008570
-7.127189
-6.854601
-5.558529
0.101584
4.158020
0.452151
-2.297760
0.070559
-1.422584
-1.364074
1.278034
-1.352438
-0.070869
-0.620071
-0.059775
-0.021302
-0.250702
-1.034982
-1.161152
-1.662752
-0.762104
-0.706150
0.149068
-0.524029
-2.256086
-1.626882
-3.106279
0.619166
-0.436505
1.056963
-0.816366
-3.414076
-1.220660
-1.461733
5.273727
4.079901
4.587152
-2.267377
-4.797257
-0.167884
-0.792210
4.873693
5.145687
2.777177
0.728618
-2.213968
-0.493541
-0.944383
-1.079393
-1.134737
0.931826
0.186536
-1.410615
-2.025571
-2.820722
-2.303384
-3.705970
-1.886142
-2.421304
-2.689574
-9.720739
1.883031
-1.321480
-1.159997
-1.142844
-1.351827
-0.316924
1.238437
4.521868
2.101620
2.183138
2.254946
1.428617
2.931322
-2.547626
0.128443
0.026115
0.768839
1.162214
-0.203208
0.413892
-1.914572
-1.911977
-6.648986
-5.324448
-2.707244
-1.373115
0.173470
-2.416122
-1.568598
-1.957599
-1.489090
-2.649248
-2.500082
-0.675652
-2.849761
-0.615966
-1.504810
4.388006
3.487855
-1.756580
-1.129961
-2.828490
0.492438
1.609649
0.736776
2.203613
-1.838226
1.949578
6.158327
0.138321
2.459655
3.920116
4.789246
3.608292
3.721047
-0.605489
-2.497141
-1.863976
-0.851642
0.516385
0.929548
0.556586
0.553486
-4.542440
-2.144195
-4.918621
-3.952757
2.048193
1.734050
0.146536
-5.181695
-3.422490
-1.329200
4.397899
0.956213
-0.290041
1.078309
-2.804746
-3.972951
-6.291612
-1.815266
4.387835
-0.053526
1.014719
-3.308598
-7.602969
-2.247411
-3.164985
0.902774
0.747378
0.066323
-0.551686
0.365245
-1.834079
0.559607
2.205677
-0.349902
-2.659250
-0.706666
0.165383
1.841932
1.116618
-0.272710
-1.682703
-1.042529
1.356695
1.452946
1.079845
-0.311566
-1.681288
-2.562803
1.138356
1.486737
2.340638
-0.415023
-1.172549
-0.112858
-2.598125
1.405410
0.771320
-5.195138
-5.642318
-5.327070
-1.102708
-2.065557
-1.102333
3.468995
2.079328
-2.335403
-5.106003
1.384624
-2.013018
-0.038360
2.802830
3.656932
5.443462
-2.302046
-0.950396
-2.458057
-1.455768
1.617779
2.914160
1.427236
-1.795404
-0.645175
-3.510602
-4.610604
-0.906229
-1.620213
-1.241296
-1.341236
-1.805818
-3.416706
-1.120419
1.837057
2.135814
5.822488
5.595713
1.079352
-0.322604
-1.597044
3.429157
0.522352
3.417710
2.515759
0.513082
0.333483
-1.832961
1.969461
-6.085394
-7.412765
-7.221749
-1.248643
1.322557
-2.585438
-1.697763
-7.088775
-9.524873
-9.476121
-5.453338
-0.101867
-1.991694
2.664607
-1.931687
-4.669008
-6.667326
-2.654899
-0.241707
-2.361557
1.779093
0.605527
-0.937488
-1.960587
-0.220138
-1.423135
5.160104
0.944100
1.070431
0.508870
0.685636
1.244911
1.275134
0.809656
0.423452
0.364702
1.091666
0.948091
0.203096
1.754649
-1.251947
1.888101
-3.336117
0.700803
-2.573751
-4.256200
0.060551
-0.423167
4.565083
1.686813
0.892546
-0.649632
1.858008
2.991657
-0.078280
-0.245565
-0.753181
3.381974
0.411828
-0.999116
-0.267511
0.399265
3.988948
6.328567
1.418079
4.917901
1.351513
-0.912176
1.130023
1.538218
0.470779
-2.049494
1.328531
1.837169
-1.154745
-1.191709
0.336325
0.457685
0.494337
0.608296
0.329736
-0.501270
-0.191389
0.170891
0.193028
-2.130476
-3.022265
0.429728
0.256823
0.307054
-2.224056
-1.688768
-6.319172
-4.498345
-1.845111
0.190317
0.827600
-0.598702
2.204092
6.038843
3.918523
-3.847911
-1.657984
1.307486
0.582922
2.748299
11.264126
5.052621
0.266801
1.523027
0.471382
-2.438669
-3.103900
1.521463
-0.917228
-1.161895
1.743191
0.066477
0.115334
1.063249
1.188344
1.038409
2.283153
1.684097
-1.054639
0.210174
-1.401972
-1.241773
-0.901335
0.009099
0.077537
-0.608228
-0.243437
-0.827764
-1.096922
-1.491065
-0.043274
0.397910
-1.404484
-3.203115
-1.091085
-0.365884
0.303741
-0.753731
-3.008045
-2.131167
-2.131265
-2.803883
-0.617506
0.743604
-2.157619
-3.451084
-2.207628
-0.652386
4.693496
6.527216
5.051610
1.779885
-2.903240
-0.117557
0.163262
6.699310
5.440071
8.463370
3.055142
-0.111728
-0.927514
-1.218063
-0.702514
0.457798
0.031584
0.691574
-0.321270
0.150113
-1.375409
1.393220
2.209065
2.626239
0.432726
-0.856944
-1.164960
-1.664025
0.700555
-3.518436
-2.680872
0.880303
0.547859
-0.287592
-4.328229
-1.479448
0.394177
-0.081443
1.401765
1.317094
0.320156
-4.411299
3.192142
7.556892
6.789955
-3.650287
-3.422761
1.355173
-2.212268
3.313739
9.522371
8.095654
-0.871158
-0.374054
1.225584
-3.867360
-1.007869
-1.104879
-2.008843
-4.314832
0.667641
3.704162
2.495874
1.397861
1.100944
0.165821
2.893300
4.945016
-6.754560
1.374227
-1.958127
-2.329943
-2.474638
-1.246528
-4.876051
0.280252
1.941274
1.438007
1.195059
2.830494
2.612702
-0.607784
-0.895114
2.886930
0.247567
-2.618756
-0.942097
0.421292
-2.073134
-1.247747
5.006504
4.522415
-0.431168
-2.119815
0.944911
-0.816626
-1.789128
3.824800
-1.411268
-1.489614
-1.643785
2.420456
-0.462376
-2.160313
0.630093
-4.142317
-8.373086
-5.718724
0.035478
-2.444056
-5.902534
-0.424221
-0.308758
-2.856582
0.080527
0.784875
-4.437772
2.081488
-0.210667
-0.086700
-0.699982
-0.655314
-0.318452
0.363469
0.854601
-1.335485
-1.453271
1.986314
1.323081
-1.894316
-1.414804
-1.177441
1.039637
-0.184834
7.874928
4.738364
-2.723451
-1.779241
-1.980771
3.758911
0.987472
1.443875
2.604170
3.704861
1.421716
-1.239713
-2.674819
2.479365
1.257734
3.043750
3.117174
-1.720158
-0.298892
-0.628342
2.513378
1.726803
-0.170751
-0.945836
-2.397154
0.154587
-0.267797
0.991163
1.563316
1.799596
-0.128828
0.588001
-0.136208
-1.518089
-1.053443
-0.997214
-0.916546
-1.038220
-1.007383
-1.660703
-1.848169
-2.077895
-0.833256
-1.200876
-1.197102
-2.379322
-1.089039
1.890824
-1.639047
5.900769
1.872414
-2.793037
-0.912312
-0.604513
4.001884
2.683468
-0.001828
-1.083632
4.155862
0.969154
0.296308
0.001784
4.122959
0.854751
3.189828
1.184699
-0.146325
-0.458178
0.079991
6.701858
1.391010
4.605733
1.499377
0.093164
0.510368
-0.111246
0.230768
-1.598293
1.254766
0.527156
1.095788
9.149260
6.078322
5.104447
4.514429
4.880625
5.741164
6.847437
0.401934
0.162280
3.023193
7.429525
6.486853
0.767434
0.085500
-2.941639
-2.228816
3.007159
12.041945
6.621209
1.783387
-2.539653
-4.644776
-6.863672
-5.896317
12.134740
1.295863
-7.442158
-8.760608
-3.241623
-7.297507
-0.741473
13.271008
3.632803
-3.842588
-6.548851
-0.992523
-4.243966
2.546128
11.140114
2.695400
-2.895349
-3.783620
8.402045
3.181495
7.821713
8.729557
9.090082
4.563699
4.233435
2.151696
0.099211
-1.961923
-1.688064
-1.067137
-0.389719
1.075676
-0.724829
-5.097669
-8.103499
-2.365814
-2.046073
-4.035364
1.311545
-3.167193
-7.020667
-9.830132
-0.713648
0.612517
-1.133029
1.930489
-4.884547
-5.845317
-4.464904
-9.332073
-2.799327
4.137737
1.313431
-3.101260
-6.024715
-0.160094
-2.097192
5.136510
4.403586
0.683658
-1.620143
-4.397072
3.237099
5.374779
11.697137
5.459226
0.738286
1.598350
-4.456807
-2.230808
-2.460739
0.446580
-1.827373
1.554707
0.306641
-0.695817
-1.316062
-0.992147
-0.785909
-0.760000
-0.941689
-0.659884
-2.180624
-1.828898
-3.114234
-2.684762
-2.076842
-1.645489
-0.121641
-2.327798
-0.881352
-3.263564
-1.704357
0.298959
-0.518705
0.334807
-4.467575
-4.094440
-2.241885
-2.395683
-4.970521
-1.167616
-0.049938
-0.756748
-1.032737
-0.966472
-0.487341
-0.855860
-0.198778
-0.190416
-2.181902
-5.684978
-4.243996
-5.591460
-2.360844
-1.381138
-1.280646
-2.906841
-3.333413
-2.265597
-4.396033
-3.554421
-2.482397
3.122762
1.003532
1.595062
0.729594
0.802194
1.086215
2.186076
0.961777
3.947814
3.606342
2.606806
3.228723
3.365582
0.250935
0.598097
1.058714
-0.897530
3.526992
2.435814
1.451570
2.296800
0.774285
-1.515755
-5.056821
3.358141
0.705505
-7.795818
-0.688514
0.693500
0.945999
-0.460315
-0.164015
-3.478123
-3.644639
2.298746
-0.060749
-0.861099
-3.549617
0.909731
-2.261373
-4.146636
0.439918
1.386152
-0.649355
-0.029679
-0.395276
-0.991624
-0.960594
2.661226
1.829524
1.202434
1.223316
0.258819
0.250881
1.076822
2.072068
1.401615
-0.981404
-1.146075
0.693205
-0.343085
-0.287785
1.124164
0.341095
-4.360775
-1.662451
5.456763
2.975251
-2.161991
0.214746
-0.204794
-1.432214
4.581264
8.338760
4.271353
-1.602986
0.112687
1.716616
-0.880848
5.146273
7.500796
4.749579
0.583142
1.236280
1.212104
-3.448530
1.155290
-0.091087
-0.798484
-2.257352
0.048792
0.758796
-1.524848
-0.771178
-0.409901
-3.118026
-2.302999
1.471602
2.930995
1.638330
3.454433
3.479197
3.600239
3.122469
2.938395
1.771145
-0.473438
1.612942
-1.354106
-0.677925
-0.231647
1.232984
1.007393
0.200778
3.130433
-3.714184
-1.777879
2.731511
-2.776052
1.496655
-1.648701
-3.468633
-2.181862
1.514772
-2.865027
-5.547325
1.465745
-0.865345
-5.143274
-2.717686
-1.480599
-1.707859
-4.636919
1.792864
-2.456273
-6.119626
1.725608
-4.405785
-2.504173
-0.327161
3.598222
-0.395263
-3.126847
-0.116257
-1.198774
-1.300900
2.950020
0.855876
-0.203662
0.791568
1.180129
1.367594
0.608932
0.413374
2.075361
1.350922
1.919474
-0.050435
0.096697
2.159946
0.862732
1.334319
0.251369
0.770749
-5.451313
-3.422974
2.009812
1.323763
1.805386
-1.825926
-0.608327
-2.391773
0.573418
1.115512
-1.200424
2.145476
-0.338785
2.438182
-2.338718
0.150167
0.265474
-0.274185
1.286656
-3.898444
-6.521235
-6.884220
-3.060105
-3.946417
0.072222
1.418433
-2.275297
-3.021145
-4.678306
-3.812338
-2.969516
-0.153389
3.734431
0.206828
0.460290
-0.228324
0.004879
0.663829
0.563078
1.020688
-2.175967
-0.856750
0.338103
1.018893
-1.332030
-1.999060
0.780193
1.573493
-0.995278
-2.361316
-0.370345
-2.145491
-1.347228
0.557560
1.401068
3.263892
4.770348
5.400220
1.530670
-0.588798
1.325186
-1.873895
1.281258
1.678360
4.544225
-1.846673
-1.542204
0.805406
-0.499369
1.237834
-2.514200
3.558022
1.181144
-1.971094
0.327111
-2.589559
-1.669778
-3.106363
0.285556
-0.385875
-3.454837
2.251321
-0.943137
0.898549
0.180565
-0.022979
0.974146
0.835332
-2.637577
-0.926919
0.759049
-1.546344
-1.897857
0.369588
-0.666686
-1.478808
-1.162168
1.574713
2.417484
2.381197
0.904770
1.860516
-1.056314
-1.275912
3.248149
0.583567
-0.933682
-2.152868
-0.613557
0.948261
2.462820
3.305934
5.173730
5.590758
5.815458
4.441332
-0.327204
-1.435339
-3.856355
7.440866
0.732015
-0.594660
2.076796
-0.127101
2.083524
5.704745
8.593262
6.148834
4.064605
1.668379
-10.535309
-1.211480
-4.650141
-4.119220
-4.102094
-3.903271
-5.827185
-3.158559
1.703164
0.545399
-2.001281
-1.920289
-0.890047
-0.905844
-3.422289
0.470556
3.683599
2.655598
0.964463
0.184515
-2.472260
-2.956265
3.736704
7.245236
1.758480
1.671759
-2.453155
-3.908494
-3.419409
5.095353
6.277797
3.938708
3.065625
-0.069823
-2.204522
-2.105400
5.740839
5.221137
3.077451
6.944623
2.304345
-1.995996
-5.123452
3.918860
3.723575
3.002005
4.055292
0.735163
-1.903479
1.543383
0.159037
-0.083926
1.097079
0.712833
-0.137685
1.548362
0.322255
-0.605392
-0.451873
-2.769604
-1.945295
-0.431463
0.408793
0.720377
-1.843619
-0.215829
1.458753
0.315356
1.270906
1.887023
1.274383
-1.576070
-0.404453
3.005247
3.362818
-0.865109
0.880335
0.643700
1.619925
-0.020279
0.744066
2.635659
0.972780
1.249187
0.742089
1.118613
-0.867490
3.797266
1.801305
0.470324
0.372956
1.721499
1.585158
0.550459
2.124873
0.615231
-0.191229
2.097967
5.106186
0.897408
1.039698
1.317522
1.373150
0.831553
1.584235
0.228827
-1.521679
-1.133090
2.603181
2.967845
-1.371918
0.651756
0.662736
1.242877
-0.303638
-4.147820
-4.093389
-1.782182
1.363050
0.606790
2.741511
1.171825
-6.677249
-4.550992
4.901457
2.034286
0.704123
1.483622
1.805086
-0.553992
-0.643755
5.427709
1.161348
0.254058
0.645711
3.872361
3.222235
1.998581
1.287856
-0.479791
2.416219
-0.171666
1.442228
-0.258825
1.187785
0.065443
0.451257
-0.921365
-0.529670
0.091473
0.223272
0.177709
0.039373
2.047650
-1.477800
-1.196740
0.567854
3.236877
3.428534
0.201154
0.210778
0.550376
1.176229
-0.130205
3.869528
2.909683
0.467229
-0.575617
0.963099
1.941822
5.713184
2.777504
0.429359
0.557942
-1.103684
0.651564
-1.900173
0.806559
3.744387
3.286135
0.128986
-1.212415
0.650531
-1.504381
-2.877400
-0.664020
-2.094742
-1.106538
-0.158875
4.002712
1.204600
1.649905
-1.283644
0.789024
1.541610
4.000408
0.005701
-0.943482
-2.142751
-2.222938
-2.162116
-1.447543
0.281717
-0.422687
-0.884198
-0.893176
3.344804
2.675763
-0.473382
-0.520049
-1.188713
-0.258894
-0.272876
2.392544
3.183965
-0.557131
-0.902308
-0.495588
1.958346
6.155128
2.044644
4.347472
4.166669
3.290959
-0.821256
0.289926
5.435393
4.045142
6.552603
2.215224
0.668934
-1.513888
-1.028298
2.547045
1.916601
4.886274
-0.144114
-0.944970
-0.943771
-2.429413
-2.416435
-3.162805
-3.807660
-3.312776
-2.317650
2.184923
-0.232853
0.964015
-1.443517
-1.104922
1.133189
0.321898
1.139531
-0.512901
0.274803
-1.085074
-1.712611
0.555530
-0.872699
1.460853
-0.504407
1.345417
2.853941
2.247677
-1.205801
-1.500003
1.021216
-0.043221
5.292323
0.681503
3.123022
2.173171
-3.367963
1.735403
-4.278231
-3.039476
-3.314419
-1.173248
-2.614789
-3.435056
1.125123
-1.853657
-3.139323
-5.049946
-0.211996
-2.278523
-2.383846
-1.412769
-2.517500
-5.059676
-4.722821
-3.210644
-2.483418
-4.118456
5.696469
-0.483511
-1.376446
-3.031934
-2.706140
-0.914566
2.896320
-0.895613
-3.620620
-3.622914
-2.019665
-1.066078
-2.646338
-1.747304
-3.428747
-1.409931
-3.534658
-0.480309
-1.385572
-4.848268
-0.253294
-4.075845
-3.594990
2.344907
-0.560620
2.681557
-0.953823
0.998169
-2.018787
-2.052059
3.132344
5.255119
6.825880
-1.111453
0.167148
-3.204280
-0.512653
1.091683
0.230813
2.664021
2.079586
-0.016152
-0.705515
-0.667284
4.321187
1.336421
3.875795
1.448332
-0.843886
-0.179754
-1.950066
-1.614548
-2.018867
-1.781981
-1.658649
-1.083327
-1.427603
-0.635342
-0.414603
-0.052206
0.480717
-0.319602
-0.681677
-0.585277
-1.542226
-1.088568
-4.016212
-4.944022
-0.234168
-1.430097
-1.714374
-2.863552
-4.545480
-9.020567
-9.681467
-2.623409
-4.661712
-1.597446
-1.944346
-4.874013
-3.466456
-6.385730
-2.618033
-3.685695
-0.637440
-0.710586
1.926361
2.179375
2.297258
1.661247
-1.399103
-1.558771
-1.424047
-2.131432
-0.388268
-1.742769
-1.886842
-3.208955
-4.583889
0.756989
-0.689411
2.017978
1.501433
0.226536
-8.441276
-1.082445
4.792901
5.726218
3.161833
4.459720
5.458716
-4.609865
-1.817168
5.770629
-1.652302
-0.508688
-0.410717
0.105484
-2.468863
0.143991
3.484949
0.647535
-2.704295
-3.259692
-0.916200
-2.047459
-2.068634
3.407490
-5.685367
-4.795749
-5.021443
-4.213007
-1.984261
-1.008957
6.187321
1.812105
-0.275573
1.430004
1.893311
-0.386877
-12.179880
0.112237
1.750346
1.566646
2.158022
2.083653
-18.319914
3.391778
4.121090
1.329572
0.420830
-0.072543
0.816837
3.439918
0.684374
-0.178790
-0.966012
1.484021
0.330332
-3.480470
-0.407835
0.236541
2.691526
-3.241939
0.230909
-0.939960
-6.436028
-3.075282
0.237002
2.174211
-4.013919
-5.058697
-5.556655
-6.693601
-1.318890
0.591084
0.819385
3.168895
-0.283623
-3.067233
-3.651454
-1.208285
1.538827
1.829973
8.073001
6.269722
0.964574
-1.956235
-0.997875
4.327197
1.133232
3.138923
1.478959
0.735700
-0.555951
3.204478
1.227691
-0.774495
0.683982
-1.767617
-1.492433
0.043070
-0.366957
0.079589
-1.929746
-0.791282
-3.957900
-3.574778
-1.680999
-0.847533
0.756877
-3.683905
-2.138167
-3.013768
-2.262668
-4.330219
-2.247663
1.172597
-1.656855
-1.072504
0.990792
-1.023871
-5.493279
-3.675913
2.359056
-0.565932
0.744179
-2.169604
-1.588030
-1.865474
-3.808637
2.429542
-1.633588
-1.075625
-1.573240
-0.438408
-1.972826
-0.338661
1.304134
-3.056090
-5.426942
-1.642137
-5.853263
-4.819919
-0.748750
-1.899513
-0.972418
-1.465161
0.601572
0.592038
-1.662579
-1.841255
-2.209628
0.466470
0.550917
-1.843043
-1.115342
0.938732
0.840389
0.138945
1.639501
2.808291
-7.366184
-5.423056
2.735076
1.714657
0.033612
-1.098592
-2.057496
-5.346663
-3.979748
-0.379665
-2.675735
-0.754357
0.168021
1.247613
-7.170197
-2.649021
-1.012739
-1.111209
-0.964457
0.619801
2.755028
-2.340817
2.302226
-0.398036
0.459616
2.034900
2.279167
0.736845
1.427837
-0.486483
-0.837781
0.876646
2.887678
-0.692596
0.690016
0.094999
0.246470
0.705459
0.716883
0.987533
-1.302335
1.558664
0.066139
0.664821
1.096580
0.192281
0.793932
-2.142503
-0.429371
4.541829
4.567249
2.856874
0.660920
0.670409
-4.205489
-2.656113
9.097086
4.979752
-5.896624
-2.589051
0.751291
0.610776
1.599756
8.768028
3.993721
0.440799
0.122602
1.016278
0.803551
-6.274781
0.867731
0.008990
2.505326
0.021716
1.793209
-0.422722
-0.630847
1.596879
1.951890
1.878132
1.849485
-0.877071
0.456486
1.676562
0.031716
0.448974
1.469175
0.461946
0.767999
0.026120
-0.688394
-3.690351
-3.809772
-1.769864
1.824940
2.726097
-2.483918
-1.286718
-4.893113
-4.956675
-0.970799
-1.073864
3.216915
0.155561
-2.286679
-0.749723
-3.866123
-1.563383
-2.709541
4.068750
1.119691
-1.469466
-0.016659
-1.660837
1.823980
-0.477121
3.974978
-0.006081
-2.962979
-2.025866
-4.898285
-2.333106
2.157835
1.944811
-0.029753
-1.916080
-2.134178
-2.300881
-0.809595
0.807343
3.257286
3.304780
3.605849
4.184361
3.910728
3.992717
3.979512
3.651766
0.464319
1.099649
-0.532924
0.179501
2.051139
3.077159
3.121602
0.157551
1.256244
5.698523
4.017466
2.064232
1.986016
1.282953
-3.221018
-6.109000
3.133223
1.314344
-4.898222
1.607317
-0.340893
-2.793687
-1.779646
0.561999
-1.587013
-4.610374
-1.324946
0.412458
-3.419119
-3.217525
-3.516037
-5.165261
-2.257448
-1.778381
3.538583
-1.857896
-2.105241
-1.817560
-0.382577
-1.371289
2.461846
3.696975
0.238308
0.894121
1.032202
1.276329
1.211987
1.668812
1.392270
-0.360474
0.340113
-4.675385
-3.580196
0.723431
-0.047340
2.560855
-1.170768
-2.019536
-6.355000
-4.665617
-0.824688
-0.029342
3.295875
-2.269214
-2.738389
-1.496341
-3.279012
-2.532637
-0.486102
2.676991
0.139941
-6.002260
-3.480867
-4.469720
-2.100955
0.749353
1.333208
-2.402213
-7.633216
-2.707927
-7.781169
-3.957553
-0.057756
2.033509
-0.289256
-0.366995
0.968394
-0.354501
-1.056002
-0.522559
0.511517
-0.010201
0.293691
1.055593
0.865617
0.014389
-0.773360
2.507791
0.840671
1.887219
3.037035
2.164634
0.577568
-0.379747
2.287764
0.209824
0.459746
0.662375
0.321355
1.663056
0.896087
1.620378
-3.294321
-2.668869
1.175814
3.053015
0.050378
-2.246023
1.390255
-1.147284
2.479812
5.396271
5.102007
0.409299
-0.395680
0.392069
-2.848713
-0.648133
0.727387
-1.132683
-2.850245
-0.801249
-0.383200
-2.881031
-2.443916
-1.509937
-2.006521
-2.158037
-1.424651
-1.064045
-0.653288
0.729993
1.934757
1.775875
1.115769
0.504380
-1.135756
-0.934445
0.192126
-0.111505
-0.153262
-0.097222
-1.339208
1.433731
-0.642166
-1.991522
-2.795865
-1.699075
-1.004520
0.646803
1.599767
-2.768948
0.277630
1.330722
-1.663130
-1.826825
-2.864405
1.294834
-0.524568
-2.983236
0.067091
-1.530339
-1.741105
0.038483
-0.008622
-2.335134
-5.120152
-1.146207
-4.101886
-0.939060
0.051380
-1.179543
-0.712951
-0.812692
0.423352
-1.583103
-0.672987
-1.234603
3.430236
1.857402
2.352386
2.363587
2.582593
2.186624
1.721520
1.634848
-0.152594
0.494003
3.045193
2.562478
0.424925
0.059615
1.453555
0.476410
0.344607
-1.671067
-1.108916
0.147341
-0.268190
1.029562
-0.680332
0.386980
-0.497919
-0.597953
1.741619
-0.563406
2.163228
0.325791
-0.720564
0.455732
0.009672
0.629016
0.303902
2.437828
-0.017506
2.676123
2.310552
-0.866086
0.890141
0.618055
2.942146
0.042296
2.369595
1.752795
2.050545
1.573622
1.493389
3.642594
-0.299127
-0.427277
-0.800033
-0.563559
-0.170241
1.318016
1.404799
0.611296
1.126754
-0.464123
0.924407
1.514287
0.796818
2.517481
4.347447
4.215844
-1.128767
2.101535
2.886106
1.980906
3.051481
1.252553
-2.142083
3.072933
2.773258
-2.679945
3.758719
3.070694
3.336376
-0.064370
1.379812
1.633053
0.139020
3.288632
2.014578
2.762658
-6.812088
-2.180929
-2.870022
2.777327
2.084225
1.852064
0.417905
0.652998
-0.171628
1.484703
0.984803
0.759545
5.499466
-0.050774
1.169207
0.885595
0.581510
1.185158
3.575224
0.690657
-4.239734
-1.728949
-0.110971
-0.337530
-0.412648
-0.741137
0.622740
-3.022422
2.821396
-4.951488
-0.249979
0.839224
-1.245882
1.085588
-0.116084
1.443481
-4.997688
-0.772233
5.276367
2.833390
0.753988
-1.578196
-0.564364
-3.558713
2.623269
2.731365
-0.269084
1.951145
1.071177
2.293167
0.108085
2.965300
2.324273
-0.880417
5.587331
-1.155703
-0.281107
-0.834244
1.077314
0.480432
4.740652
-2.919904
-1.418234
-0.877228
-1.533103
-1.249355
-1.412950
-2.783639
-2.767938
-2.683110
-3.909553
1.651477
0.972364
-3.116404
-4.351487
-2.967765
-3.549812
-1.518037
1.602358
3.092012
-4.635416
-5.436864
-3.732337
-3.549054
0.480658
-2.482980
-1.811306
1.511255
-4.456109
-3.744956
-7.973643
-5.988057
-9.927503
-3.015519
-4.836101
-8.149359
-2.147995
-5.474489
-2.658566
-5.925105
-2.556346
-7.061714
-6.779687
-3.021778
-4.264098
-5.684608
-7.062491
-5.053657
-3.939746
-3.461439
-0.289903
0.959122
0.180943
0.169549
0.499499
0.149976
-0.277168
0.633097
-2.054557
-1.385421
-5.533222
-4.548439
-0.923387
-0.581257
0.737836
-4.640529
-4.810800
-3.393760
-2.145726
-1.346402
-1.269409
-0.686506
-7.338719
-8.981349
-1.624790
-3.100977
-11.664005
-4.806591
-1.109087
-4.796605
-10.195822
-4.425318
-6.650806
-7.039781
-2.757849
0.063733
-3.732581
-12.516464
-10.250479
-10.927486
-4.433140
-0.469281
2.014997
-1.599003
-0.986835
-3.090400
-1.051209
-0.326336
0.921837
-2.792575
-0.903417
-0.529874
0.084865
-0.140811
-0.577137
-2.422454
-0.384519
1.496579
1.844870
0.172683
-0.293289
1.153052
-1.492369
0.569253
-0.136716
-0.228716
0.096225
-1.461663
1.967702
-0.945191
1.924152
-2.315816
-2.737454
-4.018631
-2.706347
-4.929782
-1.394835
-0.133856
-2.163588
-3.748810
-1.995404
-2.198347
-4.035146
-0.556983
-0.054183
-1.167515
-6.486444
-2.853832
-3.061409
-4.660350
-1.253071
-1.350707
-1.402263
-1.900479
-1.512984
-2.983140
-1.809711
-1.927665
-0.003064
0.789808
1.522710
0.351820
0.191446
1.049731
1.033421
0.476619
1.565863
0.864215
-3.140919
-2.523904
-0.197905
0.513175
-1.419286
-2.805134
0.368567
0.369558
-1.806726
-1.048123
-1.357510
-1.395023
-1.986820
1.711152
8.333537
4.939575
-3.352026
-4.238587
-0.457887
2.109030
6.700297
6.111926
4.623449
0.071286
-2.313146
0.710024
0.090887
0.831067
2.534978
-3.166441
-4.539103
-0.677054
0.651370
2.660330
2.713058
2.588837
0.860257
0.924298
0.189332
4.333313
-0.595342
1.089208
1.948383
2.049796
0.909424
2.289916
1.972579
-0.655983
0.534390
-1.902153
-0.655272
-0.544105
2.580625
3.598621
1.557048
2.338878
-3.951615
-3.363077
1.215936
5.432097
3.358246
-2.616237
3.029412
4.441183
3.769892
-4.579648
3.634712
3.733009
-0.343902
-1.075721
1.354867
-0.420374
-2.017353
3.019973
3.846077
1.229566
-4.911962
2.452261
-4.171549
-1.410094
4.231123
2.952568
3.224348
2.514273
4.553132
2.979328
3.643865
3.634214
6.320382
2.572352
4.307006
3.859351
3.642171
4.197355
2.378123
0.221854
-0.368679
2.112038
-0.346375
-0.251737
0.459648
-2.899751
2.479602
2.264135
6.429264
3.817447
4.080342
2.493453
-5.105018
1.920633
3.827956
6.542338
4.558101
6.599046
3.884900
-3.182247
0.354366
0.957379
-2.291985
0.429753
-0.171295
0.301850
-3.110733
2.848950
1.311491
-1.527608
6.061374
0.293005
-0.126012
-2.808127
-0.673366
-4.570665
-4.095846
-4.011323
-3.363379
-3.713722
-4.925159
2.594278
-0.515223
-0.535921
-0.964343
-0.632879
-0.041935
1.587983
-1.067255
-3.680873
-3.683803
-5.976206
-4.458541
-3.630582
-1.344198
-0.343028
-2.198071
0.948184
1.348409
1.745962
-0.961439
-0.780781
-0.631706
-2.393948
4.099409
11.481991
9.988347
0.376688
-0.799778
-1.144586
-1.275305
3.841336
8.522301
3.849119
-1.955517
-1.962587
0.615834
-3.406410
-1.081968
1.521492
-0.107053
-1.372210
-0.459467
3.461827
-0.533238
-1.449673
-2.059208
-1.748707
0.027686
3.924655
-1.726953
-2.833736
-1.565881
-0.826307
-0.477909
-1.551907
-3.780094
-3.721645
-1.931077
0.578096
-0.741961
1.141700
2.912087
-1.577467
-2.151242
-0.284693
0.033659
5.069297
5.704351
3.529305
4.018752
-0.271399
3.825994
5.196498
4.678895
7.204739
8.013455
6.277369
-0.151148
3.646369
7.380717
11.022461
12.477305
10.379135
5.800955
-0.623312
0.831727
8.221020
8.594490
9.753414
6.371408
3.999674
-1.869553
-1.893883
-0.310003
1.359568
1.292850
0.863574
-1.805488
0.803011
-0.073265
-0.094673
-1.133038
-1.020985
-0.370871
0.504418
0.680965
-0.457977
-0.380256
0.282196
-0.553753
-0.785249
0.411577
0.139418
-0.709497
2.519264
0.374293
2.216168
2.793871
-0.220711
0.302118
-0.710106
-3.075400
-4.291008
-2.510453
-1.764624
-0.470579
0.468014
2.136263
-0.606500
-6.192659
0.277725
3.736144
-0.559830
0.215099
1.657683
6.264987
-1.119264
3.353230
4.406453
0.067301
0.795682
0.660189
2.381424
0.589275
1.953453
1.310423
0.602324
-1.804474
0.928521
-0.026601
0.530056
0.426400
0.626295
1.360181
0.254848
3.134488
3.255355
0.381192
0.528371
3.290050
2.207969
0.096004
0.713173
0.723403
-5.198415
-4.577902
1.717579
0.908503
0.062944
2.647424
-3.739461
-3.877257
-3.882061
0.636375
1.429924
-0.820225
4.662625
-1.970634
-0.623074
-0.902419
6.444204
3.468509
0.017701
2.197512
-1.282387
-0.221729
-5.125560
0.791891
2.786436
0.322533
2.627073
1.885402
4.329675
2.822916
2.376906
3.075697
4.677083
1.045791
1.866860
1.187454
1.269368
1.890655
2.662063
1.255496
-0.958263
-1.714178
-0.185205
0.234058
-1.727355
-0.350179
1.298623
0.804661
2.963480
3.505190
3.355830
1.600815
0.996217
1.800728
0.477386
-1.064096
-2.013369
1.627572
2.429708
3.494946
3.070096
0.888303
-0.393066
-4.722142
1.524008
3.996335
1.560527
2.327826
2.221586
5.330738
0.988325
0.696474
3.727546
1.928816
4.482268
1.222434
4.048595
4.941490
4.916645
3.060341
2.612065
1.179518
-4.164570
-1.070368
-0.808763
-0.572187
-1.466129
-2.395318
-2.803491
-6.007449
-4.674698
-1.359431
-2.634640
-4.639679
-5.127638
-1.454732
-2.363763
-2.844778
4.288671
4.207445
-4.208153
-3.002840
-0.892512
0.121422
1.583976
2.358917
4.438293
0.143255
-2.532842
-0.399805
-1.864332
-1.812872
0.261864
1.954053
-2.172137
-1.556358
-1.234360
-3.421302
-3.592509
-3.976403
-1.137389
-4.055481
-1.933636
-2.108458
-3.936635
-3.503694
-2.635302
-2.676074
-2.428046
-4.360632
6.659524
0.668999
3.915527
2.531970
3.193698
4.649518
1.729271
-0.020333
-0.545659
0.721880
1.765821
0.430038
1.575520
-0.735519
2.339711
-2.874437
-1.655684
-5.450095
-3.254285
1.471505
0.601121
1.145662
-3.050325
-3.380289
2.610961
5.456864
-3.504436
-0.554604
1.471680
-0.625773
2.977689
2.272707
4.864743
4.207909
0.163836
3.003086
1.654934
-2.181489
0.367889
1.606731
2.580951
-0.856169
0.898736
-1.272085
-0.008748
-0.976352
1.780759
1.156673
-4.439440
-3.235938
-3.128503
-3.215964
-2.830788
-2.846036
-3.343514
-1.370934
-2.573757
0.253978
-1.134561
-0.274669
0.178442
-0.006400
0.424165
-2.616450
1.548725
-3.480729
-1.317156
-2.307207
-3.068906
1.546360
-2.303124
0.679280
-3.684147
-2.368419
-0.688282
-1.995801
3.612081
-3.236491
-1.320457
-3.103749
-4.202779
-2.283262
-1.223226
1.622331
-3.920896
-1.351638
-3.221809
-5.977175
-5.327864
-4.285527
-0.839904
-2.377252
-0.618007
-3.433419
-2.042364
-3.393412
-1.753754
0.588304
-2.805546
-0.121723
0.897052
0.242393
0.666705
1.091534
-0.417573
-0.936436
0.370499
0.176673
0.875749
1.485670
1.565899
-0.368888
0.772590
1.443914
1.379691
-1.857738
0.811437
2.361145
2.205639
0.687478
1.583968
3.593233
5.294719
6.923014
2.751452
0.708422
1.647438
0.695981
1.895977
5.493767
3.353904
-0.568686
1.378835
-0.344060
1.175153
1.596968
1.685364
2.913831
3.105937
1.163108
-2.247319
0.916464
2.244360
0.414956
2.445483
2.161162
-1.053106
-1.307245
-1.470235
-2.374548
-2.478420
-2.289796
-2.378669
-1.644724
-0.798432
-0.924400
-0.936082
0.967965
0.640191
-0.438569
-0.998614
0.241250
0.473945
0.262301
5.198596
6.620327
2.894954
2.240358
-0.128668
0.602931
-2.815936
0.454840
1.064146
-1.921993
0.445422
0.277043
1.624747
0.124109
1.433048
0.933027
-0.586064
1.469884
-0.297935
2.934719
0.758701
4.090242
-1.443459
2.554331
1.224154
2.015917
1.184897
-0.866270
-0.702478
-1.083203
-0.121133
1.824390
-2.797938
-1.536381
-0.940181
-1.560699
-1.144531
-1.148620
-0.777673
-1.646688
-0.000355
-0.729737
2.363031
1.588493
-0.416792
0.077528
-1.440550
1.903919
1.040277
11.484774
7.544700
-0.237863
1.780709
-1.213527
4.222006
6.774185
6.055105
6.051957
6.489815
4.801069
-0.366121
1.735342
3.994121
2.866998
3.547614
2.457270
1.601798
-1.165686
2.613661
6.528135
4.414971
5.818117
4.124060
1.997961
-2.212398
1.681600
1.795163
0.887035
1.958699
0.914165
-1.449744
0.449407
1.949763
1.050360
2.502977
2.239577
0.850263
1.403281
0.433598
1.847303
2.391140
4.879692
5.229445
1.571893
-0.039157
0.801222
4.947647
3.645224
5.930024
5.062912
2.141071
-0.537147
1.261604
6.258753
1.798273
-3.456043
-3.509881
5.215527
2.307181
1.528831
2.900240
0.854267
-4.670785
-1.787017
1.157708
1.697525
0.150347
4.177390
0.858823
-0.267400
-1.964088
1.370108
2.019301
-2.708136
1.367313
4.292738
3.813574
3.260162
1.164469
-1.769901
-2.215543
-1.443933
-0.787530
-1.167751
-1.003344
-1.180498
-1.841253
-1.694789
-0.811350
-0.102821
0.687475
-0.002033
-0.491379
-2.016259
-1.049818
0.683777
2.422545
-1.491344
0.726031
1.082734
-0.817703
-1.602404
1.856919
2.243361
-0.646088
-0.898285
1.918612
0.908494
-1.775848
1.323943
2.974301
1.172670
5.435097
0.805555
-0.026837
-1.802652
0.118964
1.152767
-5.599821
1.639777
-0.228350
-1.429060
-3.505735
-0.386309
0.330677
0.616845
-0.086982
-0.107182
-2.871801
3.345428
-0.484508
-0.349345
-0.649067
-0.696053
-0.719260
1.443788
-0.451613
-1.812263
-1.895351
3.395891
2.756475
-2.197567
0.154653
-1.022880
1.210306
2.422921
3.901443
3.351728
-0.861361
-0.366245
-0.902306
3.588602
7.664388
5.022153
6.233458
3.379894
2.019130
-0.314390
0.175977
8.445998
7.182741
5.856668
3.583799
-0.063515
0.165967
1.000928
5.951478
8.143807
10.406096
3.816285
0.117436
2.979018
0.768630
1.820677
0.064079
2.508090
1.925322
2.319645
-0.071255
-0.650448
-0.187163
0.133038
0.237031
-0.222901
-0.747659
0.075501
1.036565
1.444605
-1.936591
-0.658244
0.911975
-0.008391
1.361090
1.794528
2.631222
-4.956418
-2.221506
1.076003
0.531849
1.539476
1.936590
2.075791
1.402955
2.100913
0.981218
2.077833
1.717169
1.168162
-1.972137
-1.652931
1.577854
1.557046
1.091934
0.899523
-0.789753
-9.607650
-3.992937
-2.444030
1.121333
0.741813
0.600725
1.353598
-0.778103
1.517473
-0.083326
0.531848
-0.517633
7.124643
2.862583
3.537015
1.069473
1.475641
3.545059
4.880252
2.875988
1.261927
1.236465
-0.802268
-1.256941
1.127073
2.630145
2.869488
-0.390875
1.406718
-8.763260
-7.849234
0.580961
0.268317
1.255819
-0.279661
0.991974
-1.436671
1.352914
0.237145
-1.547061
1.039070
0.354186
2.433145
-1.185105
-0.056351
0.083607
-0.952575
3.331981
1.758156
4.052093
-1.523543
3.294116
-0.209597
-0.584935
3.141789
-1.375588
-2.162965
-4.305233
-2.173495
-1.931781
-1.923216
-1.366512
-2.872838
0.666962
1.145078
0.966847
-0.079251
-5.267178
-3.430448
-1.948187
3.923219
3.974289
2.349477
0.458363
-6.083347
-4.051334
-3.592865
2.952232
3.024173
1.823898
1.514039
-4.006650
-5.193414
-7.049973
-12.679350
-9.747611
-9.882973
-8.622501
-9.218267
-4.537924
-6.365121
-7.754618
-12.022706
-12.216764
-4.244814
-5.835409
-3.277235
-4.579464
1.479127
2.968761
4.500718
0.956573
-6.905015
-0.971043
-2.724184
2.197781
0.074356
2.558020
0.530970
-7.887427
-2.637092
-0.151283
-0.342828
0.100008
-0.114622
-0.268480
0.295093
0.264869
0.955480
0.552238
3.126036
3.497141
1.386267
3.050973
0.590667
2.803931
-1.183753
-1.489946
0.218590
1.114889
1.520303
0.440301
-0.283987
-8.864404
-7.751029
-7.440995
-0.452439
2.485587
0.121389
-0.729262
-3.863940
-7.202695
-5.020067
-1.422836
1.215379
0.422026
2.602549
2.447617
-1.262312
-1.948030
1.735038
1.049111
1.611415
3.037044
3.033440
0.613049
2.221457
2.883283
4.322314
-2.336942
-0.637187
-0.594115
-1.524403
-0.921234
-0.987885
-2.367992
-0.879818
-0.006444
-1.237963
-1.908310
-1.421323
-2.161423
-3.020125
-1.440725
1.231013
2.714715
4.997784
6.068063
-1.909538
-4.317348
-0.522298
2.629876
10.267698
9.353795
10.853329
5.611214
-1.346714
0.035974
-1.750355
0.641295
-1.796478
1.846524
-0.363172
-3.496911
-1.481917
-1.651491
0.336132
-7.388668
-0.637595
0.601440
-4.069985
-1.247787
-4.996570
-2.166152
-4.550106
-1.189916
-1.651958
-3.073088
5.400324
-0.559087
-2.282612
-1.446272
-1.630756
-1.796032
3.230366
-2.372555
2.552429
-1.348573
2.176198
2.766459
-0.003075
-1.988671
-3.665084
4.911949
-4.594920
0.269940
-0.324205
-4.041443
-0.446910
-4.794781
1.658689
-3.072842
0.004342
-2.467629
0.872809
0.517742
-5.900666
-5.198241
-3.384371
-2.384236
-6.247737
-6.038447
-1.807126
-3.832627
-1.140848
2.542613
0.295025
1.378076
0.220629
-2.112662
-0.027200
1.701766
4.056864
0.909621
5.595251
4.246101
1.621897
-1.878339
0.470261
0.336371
0.163602
0.088875
1.157045
0.961995
0.298071
1.744040
-2.050517
1.607205
1.503398
0.411759
2.540680
-2.613544
4.697608
-0.788072
6.243337
7.482157
-3.869053
0.300810
-2.249641
5.152538
8.377064
7.024117
5.602285
6.671070
1.881506
0.331183
-2.061865
4.885107
3.675056
3.841717
-0.397859
0.610876
-0.307974
-3.024053
1.062885
-4.495663
2.389397
0.185520
1.468903
-1.926892
-2.882275
-3.372419
-3.782192
0.629389
-0.381671
0.263149
5.058129
0.794779
1.983110
0.422904
0.827586
2.123714
2.665262
0.639711
-1.482007
-1.859384
-2.676707
-3.100716
-1.220993
0.303477
0.813086
-3.885740
-2.374329
0.490160
-1.533292
-2.811872
-0.996125
0.914692
-3.783161
0.758130
-2.643621
-2.565624
-2.031202
-4.232851
0.478080
-4.222613
-4.898938
-4.271568
-4.121537
-3.697232
-2.770954
1.610458
-3.737718
-6.060947
-1.072947
-5.248356
-7.180021
-1.547196
2.787127
-2.201468
-4.986955
-4.665884
-5.858857
-5.858536
-0.042767
-14.835192
-5.548492
-6.365280
-5.411301
-6.147528
-6.412252
-11.016343
-6.260385
0.642827
2.641116
1.280209
1.731742
2.623007
-3.531713
-6.548673
1.639884
1.506735
-0.591018
-0.778733
3.611583
-1.775964
-5.064411
-0.166876
-6.431467
-0.006061
-2.941943
-2.913475
-3.073494
-5.686236
2.636182
-2.814863
1.172729
-2.824149
-0.617415
-1.275597
-6.245317
1.974983
-1.967960
4.215194
-6.064977
-0.294948
-1.492414
-13.710368
-3.188630
-3.754136
-1.120948
-1.835286
-2.435178
-10.795460
-0.934201
-3.787668
-1.356425
-1.866066
-1.077707
-0.771793
-3.493865
-1.712620
-1.284826
0.803058
1.713004
1.938814
0.882548
-3.852936
0.002366
2.236561
1.619640
-0.102604
1.343412
2.683113
0.553658
-1.324533
-1.825683
-8.730373
-2.639702
-0.292746
-0.407251
0.081642
-0.021012
-2.763345
-3.819178
-1.643857
0.106255
-3.450583
-1.669909
-3.079793
-0.458894
0.734053
-2.523131
3.001573
1.353778
-3.940029
-3.450109
-3.414620
-3.265125
-5.433031
-2.260493
-1.271223
-4.942949
-5.356171
1.403691
-0.661447
0.457106
-0.476348
-0.653919
-0.541057
-0.116610
2.114830
0.984865
-1.929323
-2.174242
0.702748
2.020108
-2.436072
0.559059
-0.256358
-0.609639
0.390164
-1.088549
1.240771
-1.438336
-1.233371
-5.240843
-4.736328
-4.159441
-4.424949
1.966639
-2.030884
-0.176484
-1.090927
-2.047187
-0.935733
-2.738501
1.359826
-0.621381
2.428236
2.703237
2.611543
0.304668
0.119855
2.933319
1.362533
5.333506
3.647307
5.400954
4.697398
4.615877
6.174512
2.663074
2.989917
2.021328
3.264278
2.985672
1.299178
3.554637
2.451849
2.017888
1.226219
1.247249
1.957568
0.780295
2.820460
2.752209
1.532927
0.048571
-1.420834
-0.679805
1.283723
3.097514
3.179099
-0.865923
-3.081572
1.650699
-0.049669
-2.353105
1.196537
2.912693
2.699561
-2.259364
1.264257
-1.309421
-1.296020
2.389562
1.990756
3.135095
4.840199
-0.499889
2.295717
1.524063
2.834746
3.711040
5.103599
4.495059
4.238390
3.699645
2.323013
4.938874
-1.505766
-1.913027
-1.305726
-1.021918
-1.190551
-2.160277
-0.416488
1.086149
2.284427
1.145400
3.105517
4.317188
0.406875
2.190993
0.892820
6.713176
2.121822
3.247941
2.692390
1.097351
2.815262
-0.246547
4.620358
-1.378497
-6.195170
-9.090517
-1.121943
0.827515
-0.668739
0.142645
2.755021
-2.002687
-1.916576
-3.099929
-1.542597
-0.122899
2.208042
4.963262
-3.646729
1.291901
-0.462802
-0.675012
0.346119
-1.139012
-1.467690
-5.222494
-4.397144
-2.242504
-0.287738
-1.569498
0.327399
-0.254590
-0.851175
-0.684290
0.131364
-0.731401
0.379205
1.039968
-0.543531
-1.309067
-2.836879
-0.082774
0.586608
-0.554163
-3.185050
-0.297774
1.695029
-0.710385
-0.330606
-1.039832
-0.586276
-0.874109
1.605481
0.635405
1.170362
-0.593839
-1.645876
-0.257964
0.368376
4.825341
3.299829
2.749053
1.888044
-0.017350
0.544979
-0.199311
0.868807
3.250198
2.617824
0.105275
-0.081472
0.599405
1.105929
1.791133
1.403142
0.932134
0.970095
1.829185
1.886594
1.643909
1.243750
1.920301
1.623787
1.201950
1.569986
0.800155
-0.290453
-0.346780
-0.791167
-1.577432
-0.145294
0.850150
0.591373
-1.451781
0.876293
0.541375
0.843128
1.595571
0.861126
0.808999
1.236460
3.395154
2.156852
3.013123
2.106578
2.659546
1.029520
2.779523
3.811836
3.109206
2.729584
5.120357
2.586686
1.174002
2.353248
3.393710
5.820922
3.300170
3.863622
1.544519
3.071385
2.622533
2.573723
3.964005
3.688491
3.147889
2.090227
5.427544
2.207222
1.901850
0.903807
1.161788
2.154964
2.434270
2.833959
-0.552016
-0.044840
-1.625867
-1.733410
-0.464674
0.111827
2.284330
-0.913758
0.486912
-3.745205
-3.961844
-1.297937
-0.388648
2.006052
-1.593269
-1.030609
-2.407784
-2.065924
-1.594494
-3.365231
2.252192
-0.466427
-3.210914
-3.259624
-5.403377
-1.315268
-0.227781
1.601770
-2.064518
-4.574624
-3.186854
-5.615167
-2.466383
-0.082610
1.264771
-1.808334
-0.902615
-1.737710
-2.310542
-1.717911
-0.501345
-1.629499
1.874206
1.661799
2.862361
2.520231
2.069881
-1.144046
2.857089
2.656723
1.975116
4.117748
5.906191
3.679034
3.158220
2.834134
3.183558
-4.072066
-2.568952
-1.311476
1.768842
2.814838
2.849911
0.136233
-8.252439
-4.979635
-3.226610
0.645777
4.320223
0.228680
-1.601995
-9.765254
-3.165309
-3.599108
-2.741912
2.814579
-0.114382
-0.502141
-10.527660
-3.257135
-5.601903
-0.911812
2.533986
-4.030066
1.091794
-1.222134
-1.218715
-0.133381
1.164597
-2.020735
5.483972
1.781039
2.870649
2.049429
2.322773
2.469992
3.080946
2.150159
-0.767436
-0.954165
-2.200313
-1.737128
-1.015651
0.628726
2.486778
-2.742501
-1.941529
-0.986816
-1.383118
-1.843614
-0.211901
1.079208
-0.662455
-2.971772
-6.687767
-4.519418
2.379479
-0.674417
0.989037
-1.958375
2.055146
-3.652531
-0.823458
0.986806
-0.947571
2.168247
-1.664081
4.344084
1.515248
6.205486
-0.790728
-0.692531
4.476367
0.167634
-1.267060
-1.322051
-0.339774
-0.415870
2.984391
4.117480
2.812256
3.064646
3.204883
3.042834
3.098215
4.010144
3.489851
4.474988
4.402478
4.069794
4.779125
4.593570
4.720366
3.946575
4.945538
3.468452
0.100657
0.886348
5.054338
6.139927
4.242160
1.346667
-2.837058
0.432333
1.235337
1.516389
6.432851
3.653781
4.662570
1.202593
2.980698
1.622234
3.112750
6.019410
3.280601
6.196054
0.502696
3.137560
0.570638
5.001322
4.779107
4.129485
5.634842
4.853618
4.841217
3.985122
4.643023
3.716639
-2.112891
-1.351933
0.877491
0.970797
0.982884
0.482013
-2.039401
0.778087
0.874521
2.760208
0.507984
1.292090
1.200171
-3.010982
1.723492
0.756980
3.882539
-3.364119
-2.232376
6.964250
-0.054571
1.718460
-3.762989
-5.350211
-6.353431
-3.991126
-6.941554
-3.852363
2.340686
0.667538
-2.117080
-2.466056
-5.192040
-0.845718
-0.351724
1.506466
0.144842
-4.062163
6.370665
-4.046972
-1.722269
-0.248301
-3.076726
-0.743202
-1.161294
1.543877
-3.028217
-1.165516
-6.354623
-0.910884
-0.990251
-1.031300
-1.207082
-1.181080
-0.771165
-1.932211
-1.380070
-0.242739
-1.561990
1.731910
1.303993
-1.365186
-2.063721
0.546504
2.257474
0.345986
5.573262
4.865867
-0.579962
0.198348
0.838537
4.450071
7.903950
6.593697
9.201971
8.864737
3.571288
0.716012
0.403709
3.054958
4.578685
4.873287
3.584007
0.789897
-0.633448
0.436414
6.709529
3.951097
2.631880
0.606018
-1.153613
-1.899195
-0.850003
0.700020
-1.422512
1.350199
0.510012
-3.565567
-2.557448
-0.876205
-1.010855
-1.083905
-1.149041
-0.802452
-1.540926
0.415515
2.782377
1.765725
1.425392
1.858439
3.263088
1.322646
0.909615
4.532152
0.022588
0.826822
0.587475
1.446556
-0.712376
1.189262
3.948572
0.800625
-1.542579
-2.954586
1.833137
-0.234333
1.516595
0.936213
3.146321
2.111035
-2.463120
-2.352351
-1.939745
-0.353144
-0.645247
0.749284
-1.911842
-0.149071
-1.157078
-1.228984
0.574707
0.464043
-3.560831
-3.543654
-3.427991
-0.860388
0.259853
0.669535
-1.494818
-1.751978
-1.233344
-1.141989
-1.491096
-1.072770
-0.470761
-0.950793
-0.594341
1.895432
1.500757
-0.160966
-0.921407
-1.516811
0.383124
3.222689
7.687604
8.046435
1.119312
0.930148
-0.991137
1.430027
5.950230
8.124815
10.029572
5.725602
1.200080
-0.873853
-1.557442
-1.685163
0.615712
5.903722
3.259186
0.818002
0.386443
-4.068584
-4.654673
1.678076
-2.327930
-2.434569
1.181492
2.307939
-0.690947
-2.068603
0.480863
-1.268701
0.164413
3.733100
1.273613
0.675974
0.372114
0.028733
0.311559
0.446780
1.367512
1.139855
0.547756
-0.832891
-3.025445
-3.008918
-0.491729
0.711108
1.083641
-2.713504
-2.511151
-6.076521
-5.232609
-0.685173
-0.171693
0.551506
-4.338016
-7.697215
-3.619401
-4.857613
-8.062265
-2.117742
-0.161393
-1.475375
-2.540983
-3.835726
-4.586760
-2.831721
-1.037153
0.296819
-1.457089
-5.098902
-2.736695
-7.903243
-2.537034
0.276668
2.449993
0.482837
-0.404095
-0.083984
-0.810478
0.079015
3.086953
-1.758284
3.948099
2.066491
2.465988
2.207321
2.339486
1.834278
3.247285
3.818794
1.500780
-1.099337
-1.243048
1.953325
3.895510
2.126888
1.622282
-0.633749
-2.886101
-2.220961
0.765365
3.210739
2.334293
0.542429
-1.189558
-0.609668
-3.003233
-2.906776
1.474588
1.685532
1.422797
-0.550790
-2.752937
-1.671124
-1.627067
2.282547
2.670554
3.430238
-0.665014
-0.530030
-0.233966
0.167466
2.455921
3.855026
5.648692
5.789306
1.185791
2.500843
3.314052
5.344346
-6.362843
6.024907
1.662307
3.805827
3.176023
2.362080
0.415345
5.785191
7.034979
4.277416
2.510486
2.413184
4.010509
5.855988
3.216501
4.377388
0.428614
6.648314
4.406707
3.415401
6.241267
4.938549
4.516635
-0.646358
0.684833
1.226928
4.620708
4.169440
4.771257
6.353355
-0.310542
1.596379
0.745213
4.138866
6.610544
3.376460
3.369425
0.138811
2.839048
0.354348
0.303294
7.618548
-0.978724
2.630848
0.761063
3.865854
1.196092
0.898195
1.793589
-0.072854
-1.412198
-1.185519
-1.276604
-1.133153
-1.900503
-1.196691
-1.791345
-1.963026
-1.163944
2.369505
1.905834
-1.702846
-2.919508
-1.669531
-0.203109
3.502452
7.604148
6.234116
0.917757
-3.359068
-1.599674
1.863055
12.332070
7.935696
10.014278
5.449626
-0.899167
-1.421717
1.103991
7.896888
7.628183
8.712132
6.119258
-2.056430
-1.815250
-0.179277
7.281640
3.158497
5.874188
3.816664
-3.479055
-0.957044
-2.411172
-0.044483
-2.181609
0.931566
0.648461
-1.814141
4.879982
-0.357995
0.016384
-0.738762
-0.013798
1.035783
-1.745221
-0.091959
-1.827347
-0.296660
0.866225
1.833206
0.241331
-2.873554
-0.268789
-1.143883
-3.082607
-7.176029
-7.297797
0.262726
-2.514725
-0.891667
-0.906296
-4.124024
-3.381210
-4.073503
7.210540
0.132647
0.767559
-0.306772
-2.063595
-2.608431
-2.308964
6.077513
-0.637231
0.131059
-0.547564
-0.083959
1.413927
-0.741559
3.083597
-0.758607
-2.418523
-3.399791
-2.110609
-1.629894
0.350993
0.151460
-5.414783
-1.553368
0.021289
-0.473106
-0.721226
-0.830019
-0.311840
-0.503396
0.800317
1.257156
-0.129434
1.385994
0.366949
0.073725
1.147778
-0.729090
1.105233
-0.197744
-2.273761
-0.361925
-0.171096
0.170517
-0.433680
0.424136
-0.702524
-1.187056
1.792736
2.755010
0.615243
-0.808893
-0.342356
-2.342905
-0.109275
-1.308428
-0.230295
-0.831405
-0.977572
2.162418
1.584715
0.140474
-1.208417
1.667443
-0.264104
-1.338561
0.798888
-0.757722
-1.156640
0.572860
1.445349
-0.670989
1.994532
3.194213
5.052700
5.903095
6.061715
5.269084
0.502984
3.572141
-1.015084
2.384837
1.020105
1.270177
3.562498
1.065653
3.893964
-0.613611
2.913028
2.119153
1.766930
3.529490
-0.653743
3.008608
-1.080797
-0.634926
1.050257
-0.294594
3.030942
-1.766481
2.109870
-3.081949
-2.736995
-3.196671
0.636476
-2.404142
-2.492181
3.238243
-2.610970
-4.449818
-6.272389
-1.848509
-2.328440
-1.987216
-0.262940
-3.547021
-6.503011
-3.251000
-2.978786
-2.266320
-3.240881
-4.857048
2.735261
-0.906154
0.911125
0.811205
-0.459962
-0.870420
1.150714
3.273552
0.416699
3.041507
3.458555
1.825793
1.998618
-0.024788
-2.493940
-4.530641
0.842948
1.274741
0.464757
2.995914
-0.999409
-4.554236
-4.853742
-3.693792
-2.767865
-0.796046
0.866765
-1.605095
-5.943819
-5.019055
-5.989511
-2.667474
-2.861613
-0.174150
-0.605461
-5.323707
-7.454083
-5.215465
0.100569
-2.244551
-0.359435
4.620884
2.894154
1.938413
1.376681
1.174672
1.384379
6.417469
7.410699
3.603002
1.636421
-0.542288
-0.783874
1.414901
1.626183
2.036516
-1.706439
-3.420242
-5.604749
-7.477084
-5.168984
-0.308675
1.729109
-1.988752
-1.259015
-1.161826
-3.044793
-3.625623
-2.402337
2.295273
1.951159
5.725325
5.781966
3.130483
-2.548606
-3.439180
3.484840
2.916976
4.153793
5.213654
0.639074
-2.178653
-1.630410
4.507489
2.959878
3.356973
3.544374
1.128988
-0.725058
-0.605593
2.983356
-0.669913
-0.563701
-0.419196
-3.682693
-3.068488
2.262467
6.857277
0.536342
4.398688
1.457183
2.344978
4.266584
0.583884
0.270781
-4.832050
-0.356418
-0.982183
-2.208191
-0.468027
-1.833092
1.299016
-4.883330
1.043066
2.945435
2.782054
-0.786943
-6.479350
0.223482
-2.839737
-1.206123
-6.593892
-6.264118
-4.221669
-6.549157
1.092766
-2.876961
-3.113966
-6.858318
-2.924812
-1.012197
-5.785086
2.100639
-3.187418
-1.242115
-3.086329
0.341343
0.873604
-3.323529
-0.584207
-4.758036
-4.251332
-4.882460
-4.671996
-4.332866
-6.205914
-3.431508
0.155942
-1.474578
-1.346968
-2.138264
-1.906976
-1.555795
-2.020584
1.094455
-0.072579
0.184386
0.087980
-0.307745
-1.406086
-2.692721
3.707117
0.944691
1.216111
2.252410
-0.254652
-1.988737
-1.243411
3.658502
3.738070
0.951300
5.508150
9.001049
2.185123
-2.215353
-1.168218
4.321095
-0.234629
4.289227
1.044865
-1.526506
-2.920339
2.582202
2.758646
3.599451
3.120675
1.145479
-2.059218
0.541561
-1.132672
-1.979176
-3.573466
-0.784592
-1.713485
3.419624
1.932386
-1.029003
-0.454987
-1.648387
-1.187909
-0.577379
0.122890
-2.036956
-2.777561
-2.281983
-0.725517
0.039402
-1.340312
-1.586247
-1.827895
-1.625147
-3.245431
-3.899798
-1.492490
-4.664599
-2.428559
-1.647298
1.239727
0.609600
-4.539613
-4.255030
0.249359
-2.356623
0.484528
-0.835374
-1.774003
-4.754894
-1.746849
-0.050932
-1.607142
-0.276902
-2.122120
0.579036
-3.883628
0.587591
1.763909
-1.540376
-2.031060
-4.074824
-1.378790
-3.966844
-0.173061
-0.847703
-3.481250
-2.900168
-1.951816
-2.496784
-2.249854
-1.719209
-2.305541
-1.822815
-0.564364
1.380796
-0.257238
-1.207107
-0.591613
0.910034
0.157946
0.238862
1.171906
-2.736119
-6.853385
-3.233835
-0.555063
1.615918
0.260778
1.405599
-5.034945
-2.906726
-0.437624
-2.660702
2.726791
1.374846
3.300101
2.322516
3.409292
1.634027
1.991738
3.179227
1.566233
1.970788
-0.932164
2.393533
0.298668
0.419198
2.088481
-0.059083
1.773024
2.683100
1.455134
2.820667
1.725019
1.574931
0.713661
1.572777
1.961269
2.025164
1.969900
2.320924
2.006554
1.021897
1.664598
1.827535
-0.681535
-2.348312
0.326877
2.579604
3.376563
3.505724
3.574399
3.155689
2.583403
1.000647
3.351763
2.952918
1.242223
2.420948
-2.352856
-1.492487
-2.137450
1.106936
3.651371
1.833350
-0.032152
-1.844727
-4.102978
-0.238415
2.845458
2.663311
1.245706
-0.521964
-0.895913
-1.655231
0.567940
1.510136
-0.201378
-0.283532
1.819407
0.777767
-0.820401
-3.180840
-1.542247
2.541185
-0.465397
-0.138381
-1.141565
-0.852023
-0.514625
3.945852
-1.589675
-3.486030
-3.700951
-4.324876
-2.903083
-2.340065
-1.344207
0.818330
-0.800753
-4.266277
-2.957319
-0.273150
-1.950220
2.288545
0.243769
0.544832
2.080372
-1.113852
-0.525883
-1.493225
1.499606
0.665338
3.519887
2.897726
-1.871195
1.317564
3.963038
1.502296
-1.992162
-2.860034
-0.924105
-8.078615
-4.250526
-1.170774
-1.789927
1.234798
-5.101837
-3.588320
-4.338968
-2.168143
-4.795259
2.908586
0.750206
1.130053
-0.183912
-0.943853
-0.936113
-0.119097
-0.260653
1.624039
0.088537
0.543597
-0.544883
-1.519710
-0.216607
-0.067404
1.307207
-0.015610
2.562308
2.598567
3.193098
0.603513
-0.574158
1.290861
2.991783
0.867621
1.601496
3.839645
4.444848
2.421948
2.009376
0.744661
-3.162363
-7.523180
-4.760181
0.391470
2.541373
1.763631
3.229648
9.469797
2.374606
-0.136384
1.330775
1.554585
0.048313
1.314597
0.893345
-0.017258
-0.332150
0.074846
-2.607850
1.630547
0.280018
1.001956
-0.211995
-0.089674
1.198650
1.129708
-0.703599
-3.829424
-1.889175
0.082680
-0.646362
-1.917946
-1.018577
-1.472906
-4.533883
-2.522386
-2.223066
-1.028207
-3.303577
-3.448977
-2.726865
-0.475081
4.240718
4.519784
0.712783
-1.050086
-4.334846
-0.939466
-1.748841
3.353759
-0.377100
-3.797163
0.044431
-2.277492
-0.160361
-4.150896
-3.898605
-3.190199
-4.266581
-3.353533
-2.252701
0.395941
-3.637156
-4.560260
-5.117030
-4.538945
-2.601651
-0.293899
6.090620
0.273881
1.962715
-0.021510
0.295520
2.075541
2.280499
0.370661
-2.661549
-2.365901
-0.491732
-0.661518
-1.062071
-0.897362
-0.169743
-3.693200
-0.131454
2.133540
1.737472
-0.597420
-0.181044
0.226257
-2.474066
4.594862
8.149564
7.073425
3.433482
2.174482
0.285752
-2.080751
1.786462
6.177666
6.863396
-0.288217
0.416607
0.328827
-0.104076
6.094171
1.230077
7.704749
2.762520
1.111034
2.066166
-0.078318
-0.819109
-1.448837
0.843892
2.001679
1.091639
