0.057661
0.029101
0.000000
0.000000
0.012023
0.000000
0.068003
0.276303
0.000000
0.006704
0.015220
0.000000
0.000000
0.103967
0.042124
0.000000
0.053736
0.000000
0.283103
0.000000
0.536419
0.000000
0.000000
0.000000
0.000000
0.000000
0.000000
0.000000
0.581814
0.000000
0.000000
0.000000
0.000000
0.000000
0.000000
0.000000
0.000000
0.420161
0.681163
0.000000
0.000000
0.068040
0.000000
0.000000
0.000000
0.040306
0.001496
0.000000
0.006912
0.000000
0.000000
0.108824
0.000000
0.135794
0.006095
0.538909
0.015923
0.210721
0.000000
0.010395
0.027996
0.000000
0.000000
0.000000
0.000000
0.000000
0.000000
0.126388
0.561411
0.000000
0.112997
0.000000
0.391042
0.013676
0.000000
0.119442
0.000000
0.000000
0.000000
0.130232
0.000000
0.000000
0.005157
0.000000
0.000000
0.042062
0.000000
0.056168
0.007149
0.000000
0.000000
0.000000
0.000000
0.000000
0.632801
0.000000
0.014795
0.000000
0.000000
0.265713
0.000000
0.000000
0.020508
0.217138
0.052564
0.000000
0.000000
0.051746
0.024484
0.000000
0.001690
2.164641
0.000000
0.000000
0.000000
0.000000
0.000000
0.000000
0.000000
0.000000
0.147862
0.135026
0.000000
0.000000
0.000000
0.000000
1.084906
0.091245
0.041850
0.000000
1.089229
0.381471
0.083568
0.000000
0.000000
0.005156
0.074672
0.000000
0.471445
0.000000
0.000000
0.001448
0.638496
0.021166
0.000000
0.000000
0.000000
0.000000
0.025618
0.718848
0.000000
0.000000
0.000000
0.000000
0.000000
0.134695
0.000000
0.000000
0.000072
0.000000
0.000000
0.000000
0.000000
1.250839
0.000000
0.000000
0.417512
0.127479
0.089923
0.652501
0.042462
0.011092
0.000000
0.031238
0.482314
0.000000
0.505107
0.000000
0.000000
0.798318
0.455493
0.078967
0.000000
0.092022
0.000000
0.039998
0.158869
0.000000
0.000000
0.000000
0.000000
0.000000
0.008453
0.000000
0.243874
0.136143
0.000000
0.000000
0.000000
0.792432
1.964267
0.000000
0.000000
0.014383
0.000000
0.016671
0.000000
0.002977
0.000000
0.113597
0.000000
0.059129
0.000000
0.299179
0.000000
0.000000
0.865184
0.000000
0.000000
0.496116
0.108633
0.033734
0.166902
0.000000
0.014192
0.000000
0.102222
0.011563
0.787160
0.000000
0.427429
0.000000
0.006818
0.000000
0.000000
0.364739
0.012063
0.000000
0.000000
0.000000
0.000000
0.028809
0.000000
0.000000
0.103834
0.006242
0.000000
0.011461
0.000000
0.000025
0.000000
0.150756
0.005060
0.000000
0.000000
0.000000
0.000000
0.270314
0.002664
0.802547
0.335717
0.012241
0.000000
0.333505
0.129791
0.000000
0.000000
0.000000
0.000000
0.000000
0.000000
0.240582
0.010210
0.000000
0.000000
0.000000
0.000000
0.000000
1.403702
0.000000
0.045293
0.000000
0.000000
0.000000
0.951524
0.000000
0.006918
0.000000
0.364431
0.012954
0.000000
0.000000
0.000000
0.000000
0.000000
0.000000
0.083538
0.000000
0.000000
0.061720
0.022016
0.000000
0.186828
0.000000
0.004399
0.000000
2.382732
0.000000
0.000000
0.000450
0.000000
0.000000
0.001048
0.165548
0.000000
1.104650
0.177425
1.224990
0.000000
0.129072
0.000000
0.000000
0.000000
0.000000
0.053255
0.007768
0.208526
0.052150
0.000000
0.122672
0.000000
0.000000
0.000000
0.000000
0.299372
0.000000
0.000000
0.361569
0.000000
0.000000
0.000000
0.000000
0.128459
0.000000
0.238417
1.104184
0.002724
0.000000
0.048169
1.045499
0.000000
0.020989
0.112189
0.000000
0.000000
0.000000
0.000000
0.000000
0.000000
0.000000
1.832846
0.044832
0.000000
0.000000
0.000000
0.156889
0.713879
1.162351
0.000000
0.009535
0.000000
0.492136
0.196257
0.000000
0.000000
0.141498
0.002068
0.000000
0.082135
0.000000
0.181557
0.015129
0.000000
0.015048
0.000000
0.000000
0.206564
0.132609
0.000000
0.000000
0.000000
0.000000
0.000000
0.000000
0.000000
0.000000
0.000000
0.000000
0.332507
0.000000
0.788368
0.221468
0.023342
1.476744
0.037713
0.000000
0.512999
0.000000
0.000000
0.002461
0.000000
0.000000
0.000000
0.360053
0.251044
0.000000
0.447167
0.000000
0.000000
0.000000
0.000000
1.264717
0.000000
0.028523
0.000000
0.013485
0.000000
0.154917
0.730279
0.000000
0.000000
0.490904
0.000000
0.000000
0.000000
0.000000
0.000000
0.000000
0.030328
0.000000
0.045855
0.000000
0.000000
0.000000
0.000000
0.000000
0.000000
0.945366
1.874686
0.000000
0.327708
0.000000
0.288360
0.000000
0.000000
0.000000
0.110928
0.107003
0.008788
0.382089
0.019158
0.000000
0.000000
0.002836
0.000000
0.000000
0.000000
0.000000
0.000000
0.110250
0.000000
0.552563
0.000000
0.000000
0.007838
0.811766
0.000000
0.000000
0.000000
0.366719
0.735680
0.014983
0.007056
0.000000
0.013473
0.600721
0.000000
0.000000
0.000000
0.000000
0.000000
0.277504
0.000000
0.025395
0.085087
0.000000
0.000000
0.000000
0.000552
0.000000
0.019675
0.043395
0.000000
0.000000
0.451590
0.000000
0.000000
0.000000
0.000000
0.292839
0.000000
0.008896
0.043771
0.043120
0.042946
0.000000
0.000000
0.401369
0.000000
0.004701
0.479866
0.000000
0.290421
0.011001
0.023245
0.000000
0.000000
0.000000
0.011066
0.000000
0.495689
0.000000
0.132690
0.033476
0.111611
0.000000
0.000000
0.000000
0.000000
0.000000
1.081998
0.000000
0.000000
0.000000
0.000000
0.000000
0.007920
0.570872
0.973701
0.000000
0.740331
0.000000
0.516695
0.000000
0.000000
0.000000
0.006037
0.012411
0.000000
0.000000
0.349548
0.001750
0.000000
0.046997
0.471511
0.000000
0.020886
0.001020
0.000000
0.036334
0.000000
0.000000
0.000000
0.000000
0.000000
0.000000
0.086055
0.257291
0.162157
0.000000
1.150948
0.004864
0.000000
0.000000
0.000000
0.000000
0.000000
0.013109
0.000000
0.003829
0.610126
0.000000
0.001062
0.152618
0.321074
0.000000
1.459115
0.000000
0.000000
0.000000
0.297242
2.608772
0.322492
0.000000
0.000000
0.000000
0.531732
0.000000
0.831748
0.000000
0.000000
0.045086
0.000000
0.157866
0.000000
0.000000
0.000000
0.000000
0.864546
1.021738
0.112780
0.000000
0.000000
0.170357
0.000000
0.000000
0.000000
0.193497
0.000000
0.032678
0.045852
0.000000
0.000000
0.272395
0.000000
0.352396
0.000000
1.094604
0.143695
0.000000
0.000000
0.000000
0.000000
0.000000
0.030088
0.000000
0.000000
0.000000
0.000000
0.429384
0.000000
0.133765
0.000000
1.153824
0.001075
0.000000
0.003016
0.122198
0.040960
0.000000
1.308350
0.000000
0.000000
0.000000
0.000000
0.000000
0.000000
0.000000
0.000000
0.000150
0.000000
0.080735
0.000000
0.000000
0.000000
0.000000
0.000000
0.055707
0.044989
0.000000
0.000000
0.000000
0.000000
0.000000
0.000000
0.056558
0.006073
0.149271
0.000000
0.260654
0.000000
0.279814
0.000000
0.000731
0.000000
0.133388
0.000000
0.190973
0.000000
0.290161
0.025036
0.000000
0.000000
0.000000
0.629107
0.000000
0.211393
0.000000
0.481461
0.000000
0.000000
0.000000
0.032433
0.000518
0.000000
0.025908
0.000000
0.393898
0.000000
0.000000
0.000000
0.000000
0.000000
0.000000
0.033936
0.000000
0.000000
0.214803
0.000000
0.000000
0.014132
0.000000
0.000000
0.164968
0.000000
0.000000
0.085358
0.000000
0.154529
0.000000
0.030438
0.437102
0.000000
0.026359
0.001460
0.192021
2.156744
0.144699
0.000000
0.000000
0.000000
0.015576
0.007738
0.000000
0.000000
0.000000
0.000000
0.000000
0.000000
0.004238
1.796434
0.000000
0.007968
0.052944
0.024844
0.140748
0.869765
0.000000
0.669321
0.000000
0.000000
0.000000
0.025059
0.508615
0.009430
0.000000
0.000000
0.002474
1.576613
0.000000
2.047584
0.036331
0.061006
0.000000
0.584066
0.000000
0.050957
0.000000
0.000000
0.000000
0.005403
0.000000
0.000000
0.000000
0.430168
0.000000
0.494634
0.219833
0.000000
0.000000
0.000000
0.125593
0.786508
0.109956
0.621926
0.000000
0.000000
0.000000
0.280129
0.000000
0.344910
0.079676
0.000000
0.000000
0.049557
0.000000
0.000000
0.015585
0.436248
0.000000
0.000000
0.000000
0.000000
1.598610
0.754708
0.000000
0.000000
0.066515
0.000000
0.000000
0.019937
0.000000
0.030801
0.000000
0.000000
0.000000
0.000000
0.000000
0.000000
0.129819
0.063090
0.000000
0.000000
0.000000
0.551441
0.010771
0.009589
0.004812
0.150961
0.279374
0.000000
0.195647
0.044151
0.000000
0.030707
0.000000
0.000000
0.000000
0.924895
0.121044
0.273770
0.000000
0.179969
0.000000
0.147218
0.000000
0.000000
0.000000
0.058383
0.000000
0.032312
0.000000
0.000000
0.007689
0.038379
0.688670
0.000000
0.000000
0.871992
0.000000
0.012229
0.002197
0.018980
0.233391
0.223088
0.554865
0.000000
0.000000
0.000000
0.245672
0.000000
0.014416
0.003250
0.063640
0.000000
0.000000
0.182294
0.018267
0.028832
0.000000
0.000000
0.114370
0.013255
0.033297
0.273329
0.000000
0.000000
0.000000
0.000000
0.000000
0.000000
0.000000
0.348260
0.000000
0.000000
0.164699
0.018521
0.002876
0.004655
0.000000
0.000000
0.000000
0.000000
0.617404
0.000000
0.000000
0.000000
0.697855
0.000000
0.000000
0.272807
0.078504
0.969820
0.000000
0.000000
0.430388
0.044843
0.043330
0.000000
1.248257
0.043108
1.412897
0.000000
0.000000
0.000000
0.000000
0.027839
0.349261
0.222068
0.058394
0.000000
0.655805
0.000000
0.032140
0.000000
0.000000
0.037661
0.038185
0.000000
0.242246
0.026352
0.016951
0.455295
0.000000
0.000000
0.000000
0.037669
0.000000
0.018702
0.000000
0.000000
0.020728
0.000000
0.053429
1.458858
0.000000
0.000000
0.120915
0.000000
0.000000
0.000000
1.598481
0.000000
0.000000
0.000000
0.000000
0.000000
0.013288
0.000000
0.116448
0.000000
0.018264
0.000000
0.000000
0.421826
0.093842
0.000000
0.725686
0.161153
0.000000
0.072504
0.054332
0.000000
0.310319
0.045521
0.000000
0.255404
0.000000
0.000000
0.000000
0.000000
0.000000
0.000000
0.000000
0.000000
0.098967
0.000000
0.010632
0.826943
0.449197
0.000000
0.000000
0.000000
0.000000
0.000000
0.000000
0.030040
0.000000
0.000000
0.011953
0.000000
0.000000
0.000000
0.000000
0.118572
0.068849
0.000000
1.091509
0.000000
0.166848
0.000000
0.000000
0.472928
0.000000
0.000000
0.000000
1.473848
0.000000
0.000000
0.581804
0.097630
0.000000
0.000000
0.000000
0.000000
0.000000
0.000000
0.000000
0.000000
0.002545
0.003023
0.000000
0.000000
0.000000
0.120948
0.000000
1.513161
0.000000
0.034179
0.054096
1.900513
0.339384
1.543783
0.077708
0.000000
0.079903
0.000000
0.001732
0.027893
0.033078
0.000000
0.031941
0.000000
1.469941
0.000000
0.000000
0.000000
0.242802
0.054307
0.000000
0.000000
0.001777
0.045437
0.000000
0.028667
0.000000
0.000000
0.000000
0.000000
0.860376
0.008550
0.000000
0.000000
0.000000
0.000000
0.000000
0.000000
0.000000
0.032126
0.313987
0.000000
0.000000
0.000000
0.000000
0.144413
0.000000
0.000000
0.000000
0.050280
0.000000
0.198936
0.312460
0.000000
0.000000
0.000000
0.000000
0.829635
0.002427
0.546214
0.053887
0.000000
1.219354
0.000000
0.029487
0.625915
0.214201
0.000000
0.000000
0.301511
0.000000
0.050687
0.063792
0.000000
0.015601
0.000000
0.000000
0.000000
0.001849
0.000000
0.000000
0.507788
0.651265
0.001218
0.000000
0.000987
0.000000
0.000000
0.027947
0.000000
0.000000
0.000000
0.000000
0.000000
0.960291
0.027067
0.000000
0.000000
0.000000
0.000000
0.000000
0.000000
0.000000
0.000000
0.000000
0.048060
0.055779
0.000000
0.390292
0.000000
0.000000
0.563001
0.000000
0.008208
0.000000
1.006407
0.000000
0.000000
0.000000
0.000000
0.039158
0.299775
0.000000
0.000000
0.000000
0.133184
0.315609
0.000000
1.018594
0.000000
0.000000
0.090290
0.000000
0.009542
0.000000
0.064591
0.000000
0.024650
0.000000
0.000000
0.000000
0.187906
0.338826
0.229105
0.336523
0.013005
0.000000
0.056180
0.000000
0.000000
0.000000
0.345135
0.000000
0.668472
0.000000
0.000000
0.000000
0.000000
0.000000
0.628360
0.000000
0.000000
0.091146
0.000000
0.000000
0.632067
0.558436
0.800902
0.257610
0.000000
0.000000
0.544798
0.000000
0.000000
0.057119
0.052825
0.000000
0.000000
0.000000
1.271036
0.000000
0.000000
0.130523
0.000000
0.000000
0.415109
0.000000
0.000000
0.000000
0.093774
0.083672
0.016268
0.697607
0.090858
0.016999
1.251614
0.000000
0.000000
0.341667
0.000000
0.000000
0.459217
0.000000
0.000000
0.000000
1.014841
0.000000
0.000000
0.000000
0.065196
0.000000
